position_id,symbol,direction,open_time_utc,close_time_utc,entry_price,exit_price,profit_sum,net_sum,strategy_id,account_type,sample_type,commission_sum,volume_in,volume_out,account_group,base_lot_detected,source_file,base_lot,target_lot,lot_scale_factor,scaled_profit_sum,scaled_commission_sum,scaled_net_sum,scaled_volume_in,scaled_volume_out,scaled_cumulative_net_sum
826,USDCAD,BUY,2024-07-02 12:00:00+00:00,2024-07-02 23:45:00+00:00,1.37312,1.36766,-40.42,-40.42,2.34.141,DEMO,OOS,0.0,0.1,0.1,DEMO_ACCOUNT,0.1,C:\Users\Leon\Desktop\QUANT\Data_Center\Data\2_Baseline\Trades\Backtest\DEMO_ACCOUNT\OOS\listOfTrades_USDCAD_30_2.34.141_BUY_M15_OOS.csv,0.1,3.3,32.99999999999999,-1333.8599999999997,0.0,-1333.8599999999997,3.2999999999999994,3.2999999999999994,-1333.8599999999997
828,USDCAD,BUY,2024-07-03 10:30:00+00:00,2024-07-03 23:45:00+00:00,1.36702,1.36402,-22.49,-22.49,2.34.141,DEMO,OOS,0.0,0.1,0.1,DEMO_ACCOUNT,0.1,C:\Users\Leon\Desktop\QUANT\Data_Center\Data\2_Baseline\Trades\Backtest\DEMO_ACCOUNT\OOS\listOfTrades_USDCAD_30_2.34.141_BUY_M15_OOS.csv,0.1,3.3,32.99999999999999,-742.1699999999998,0.0,-742.1699999999998,3.2999999999999994,3.2999999999999994,-2076.0299999999997
830,USDCAD,BUY,2024-07-04 11:15:00+00:00,2024-07-04 23:45:00+00:00,1.36209,1.36126,-6.6,-6.6,2.34.141,DEMO,OOS,0.0,0.1,0.1,DEMO_ACCOUNT,0.1,C:\Users\Leon\Desktop\QUANT\Data_Center\Data\2_Baseline\Trades\Backtest\DEMO_ACCOUNT\OOS\listOfTrades_USDCAD_30_2.34.141_BUY_M15_OOS.csv,0.1,3.3,32.99999999999999,-217.79999999999995,0.0,-217.79999999999995,3.2999999999999994,3.2999999999999994,-2293.83
832,USDCAD,BUY,2024-07-05 10:45:00+00:00,2024-07-05 15:26:40+00:00,1.36051,1.36155,7.14,7.14,2.34.141,DEMO,OOS,0.0,0.1,0.1,DEMO_ACCOUNT,0.1,C:\Users\Leon\Desktop\QUANT\Data_Center\Data\2_Baseline\Trades\Backtest\DEMO_ACCOUNT\OOS\listOfTrades_USDCAD_30_2.34.141_BUY_M15_OOS.csv,0.1,3.3,32.99999999999999,235.61999999999995,0.0,235.61999999999995,3.2999999999999994,3.2999999999999994,-2058.21
834,USDCAD,BUY,2024-07-08 06:30:00+00:00,2024-07-08 23:45:00+00:00,1.36324,1.3636,2.14,2.14,2.34.141,DEMO,OOS,0.0,0.1,0.1,DEMO_ACCOUNT,0.1,C:\Users\Leon\Desktop\QUANT\Data_Center\Data\2_Baseline\Trades\Backtest\DEMO_ACCOUNT\OOS\listOfTrades_USDCAD_30_2.34.141_BUY_M15_OOS.csv,0.1,3.3,32.99999999999999,70.61999999999999,0.0,70.61999999999999,3.2999999999999994,3.2999999999999994,-1987.5900000000001
836,USDCAD,BUY,2024-07-11 18:00:00+00:00,2024-07-11 20:31:40+00:00,1.36109,1.36416,22.0,22.0,2.34.141,DEMO,OOS,0.0,0.1,0.1,DEMO_ACCOUNT,0.1,C:\Users\Leon\Desktop\QUANT\Data_Center\Data\2_Baseline\Trades\Backtest\DEMO_ACCOUNT\OOS\listOfTrades_USDCAD_30_2.34.141_BUY_M15_OOS.csv,0.1,3.3,32.99999999999999,725.9999999999999,0.0,725.9999999999999,3.2999999999999994,3.2999999999999994,-1261.5900000000001
838,USDCAD,BUY,2024-07-16 15:30:00+00:00,2024-07-16 15:30:40+00:00,1.36637,1.36796,11.12,11.12,2.34.141,DEMO,OOS,0.0,0.1,0.1,DEMO_ACCOUNT,0.1,C:\Users\Leon\Desktop\QUANT\Data_Center\Data\2_Baseline\Trades\Backtest\DEMO_ACCOUNT\OOS\listOfTrades_USDCAD_30_2.34.141_BUY_M15_OOS.csv,0.1,3.3,32.99999999999999,366.9599999999999,0.0,366.9599999999999,3.2999999999999994,3.2999999999999994,-894.6300000000002
840,USDCAD,BUY,2024-07-17 00:16:30+00:00,2024-07-17 18:04:40+00:00,1.36737,1.36902,11.55,11.55,2.34.141,DEMO,OOS,0.0,0.1,0.1,DEMO_ACCOUNT,0.1,C:\Users\Leon\Desktop\QUANT\Data_Center\Data\2_Baseline\Trades\Backtest\DEMO_ACCOUNT\OOS\listOfTrades_USDCAD_30_2.34.141_BUY_M15_OOS.csv,0.1,3.3,32.99999999999999,381.1499999999999,0.0,381.1499999999999,3.2999999999999994,3.2999999999999994,-513.4800000000002
842,USDCAD,BUY,2024-07-23 14:15:00+00:00,2024-07-23 16:35:40+00:00,1.37565,1.37691,8.65,8.65,2.34.141,DEMO,OOS,0.0,0.1,0.1,DEMO_ACCOUNT,0.1,C:\Users\Leon\Desktop\QUANT\Data_Center\Data\2_Baseline\Trades\Backtest\DEMO_ACCOUNT\OOS\listOfTrades_USDCAD_30_2.34.141_BUY_M15_OOS.csv,0.1,3.3,32.99999999999999,285.44999999999993,0.0,285.44999999999993,3.2999999999999994,3.2999999999999994,-228.0300000000003
844,USDCAD,BUY,2024-07-24 16:45:00+00:00,2024-07-24 16:48:40+00:00,1.37785,1.37951,11.53,11.53,2.34.141,DEMO,OOS,0.0,0.1,0.1,DEMO_ACCOUNT,0.1,C:\Users\Leon\Desktop\QUANT\Data_Center\Data\2_Baseline\Trades\Backtest\DEMO_ACCOUNT\OOS\listOfTrades_USDCAD_30_2.34.141_BUY_M15_OOS.csv,0.1,3.3,32.99999999999999,380.4899999999999,0.0,380.4899999999999,3.2999999999999994,3.2999999999999994,152.45999999999958
846,USDCAD,BUY,2024-07-25 19:00:00+00:00,2024-07-25 23:45:00+00:00,1.38109,1.38252,9.84,9.84,2.34.141,DEMO,OOS,0.0,0.1,0.1,DEMO_ACCOUNT,0.1,C:\Users\Leon\Desktop\QUANT\Data_Center\Data\2_Baseline\Trades\Backtest\DEMO_ACCOUNT\OOS\listOfTrades_USDCAD_30_2.34.141_BUY_M15_OOS.csv,0.1,3.3,32.99999999999999,324.7199999999999,0.0,324.7199999999999,3.2999999999999994,3.2999999999999994,477.1799999999995
848,USDCAD,BUY,2024-07-30 06:30:00+00:00,2024-07-30 15:58:40+00:00,1.38519,1.38637,8.01,8.01,2.34.141,DEMO,OOS,0.0,0.1,0.1,DEMO_ACCOUNT,0.1,C:\Users\Leon\Desktop\QUANT\Data_Center\Data\2_Baseline\Trades\Backtest\DEMO_ACCOUNT\OOS\listOfTrades_USDCAD_30_2.34.141_BUY_M15_OOS.csv,0.1,3.3,32.99999999999999,264.3299999999999,0.0,264.3299999999999,3.2999999999999994,3.2999999999999994,741.5099999999994
850,USDCAD,BUY,2024-08-02 07:30:00+00:00,2024-08-02 11:37:40+00:00,1.38591,1.38794,14.13,14.13,2.34.141,DEMO,OOS,0.0,0.1,0.1,DEMO_ACCOUNT,0.1,C:\Users\Leon\Desktop\QUANT\Data_Center\Data\2_Baseline\Trades\Backtest\DEMO_ACCOUNT\OOS\listOfTrades_USDCAD_30_2.34.141_BUY_M15_OOS.csv,0.1,3.3,32.99999999999999,466.2899999999999,0.0,466.2899999999999,3.2999999999999994,3.2999999999999994,1207.7999999999993
852,USDCAD,BUY,2024-08-05 14:00:00+00:00,2024-08-05 23:45:00+00:00,1.38547,1.38301,-18.29,-18.29,2.34.141,DEMO,OOS,0.0,0.1,0.1,DEMO_ACCOUNT,0.1,C:\Users\Leon\Desktop\QUANT\Data_Center\Data\2_Baseline\Trades\Backtest\DEMO_ACCOUNT\OOS\listOfTrades_USDCAD_30_2.34.141_BUY_M15_OOS.csv,0.1,3.3,32.99999999999999,-603.5699999999998,0.0,-603.5699999999998,3.2999999999999994,3.2999999999999994,604.2299999999994
854,USDCAD,BUY,2024-08-06 19:30:00+00:00,2024-08-06 23:45:00+00:00,1.37923,1.37785,-10.52,-10.52,2.34.141,DEMO,OOS,0.0,0.1,0.1,DEMO_ACCOUNT,0.1,C:\Users\Leon\Desktop\QUANT\Data_Center\Data\2_Baseline\Trades\Backtest\DEMO_ACCOUNT\OOS\listOfTrades_USDCAD_30_2.34.141_BUY_M15_OOS.csv,0.1,3.3,32.99999999999999,-347.1599999999999,0.0,-347.1599999999999,3.2999999999999994,3.2999999999999994,257.06999999999954
856,USDCAD,BUY,2024-08-07 06:45:00+00:00,2024-08-07 23:45:00+00:00,1.37707,1.37536,-12.93,-12.93,2.34.141,DEMO,OOS,0.0,0.1,0.1,DEMO_ACCOUNT,0.1,C:\Users\Leon\Desktop\QUANT\Data_Center\Data\2_Baseline\Trades\Backtest\DEMO_ACCOUNT\OOS\listOfTrades_USDCAD_30_2.34.141_BUY_M15_OOS.csv,0.1,3.3,32.99999999999999,-426.6899999999999,0.0,-426.6899999999999,3.2999999999999994,3.2999999999999994,-169.62000000000035
858,USDCAD,BUY,2024-08-08 06:45:00+00:00,2024-08-08 12:42:40+00:00,1.3728,1.37466,13.03,13.03,2.34.141,DEMO,OOS,0.0,0.1,0.1,DEMO_ACCOUNT,0.1,C:\Users\Leon\Desktop\QUANT\Data_Center\Data\2_Baseline\Trades\Backtest\DEMO_ACCOUNT\OOS\listOfTrades_USDCAD_30_2.34.141_BUY_M15_OOS.csv,0.1,3.3,32.99999999999999,429.9899999999999,0.0,429.9899999999999,3.2999999999999994,3.2999999999999994,260.36999999999955
860,USDCAD,BUY,2024-08-14 12:30:00+00:00,2024-08-14 15:04:40+00:00,1.37025,1.37152,8.76,8.76,2.34.141,DEMO,OOS,0.0,0.1,0.1,DEMO_ACCOUNT,0.1,C:\Users\Leon\Desktop\QUANT\Data_Center\Data\2_Baseline\Trades\Backtest\DEMO_ACCOUNT\OOS\listOfTrades_USDCAD_30_2.34.141_BUY_M15_OOS.csv,0.1,3.3,32.99999999999999,289.0799999999999,0.0,289.0799999999999,3.2999999999999994,3.2999999999999994,549.4499999999995
862,USDCAD,BUY,2024-08-16 09:00:00+00:00,2024-08-16 14:11:20+00:00,1.37214,1.37324,7.51,7.51,2.34.141,DEMO,OOS,0.0,0.1,0.1,DEMO_ACCOUNT,0.1,C:\Users\Leon\Desktop\QUANT\Data_Center\Data\2_Baseline\Trades\Backtest\DEMO_ACCOUNT\OOS\listOfTrades_USDCAD_30_2.34.141_BUY_M15_OOS.csv,0.1,3.3,32.99999999999999,247.82999999999993,0.0,247.82999999999993,3.2999999999999994,3.2999999999999994,797.2799999999994
864,USDCAD,BUY,2024-08-19 07:30:00+00:00,2024-08-19 11:49:40+00:00,1.36629,1.36737,7.4,7.4,2.34.141,DEMO,OOS,0.0,0.1,0.1,DEMO_ACCOUNT,0.1,C:\Users\Leon\Desktop\QUANT\Data_Center\Data\2_Baseline\Trades\Backtest\DEMO_ACCOUNT\OOS\listOfTrades_USDCAD_30_2.34.141_BUY_M15_OOS.csv,0.1,3.3,32.99999999999999,244.19999999999996,0.0,244.19999999999996,3.2999999999999994,3.2999999999999994,1041.4799999999993
866,USDCAD,BUY,2024-08-20 09:45:00+00:00,2024-08-20 18:25:40+00:00,1.36265,1.36384,8.23,8.23,2.34.141,DEMO,OOS,0.0,0.1,0.1,DEMO_ACCOUNT,0.1,C:\Users\Leon\Desktop\QUANT\Data_Center\Data\2_Baseline\Trades\Backtest\DEMO_ACCOUNT\OOS\listOfTrades_USDCAD_30_2.34.141_BUY_M15_OOS.csv,0.1,3.3,32.99999999999999,271.59,0.0,271.59,3.2999999999999994,3.2999999999999994,1313.0699999999993
868,USDCAD,BUY,2024-08-21 08:15:00+00:00,2024-08-21 10:47:20+00:00,1.36121,1.36226,7.21,7.21,2.34.141,DEMO,OOS,0.0,0.1,0.1,DEMO_ACCOUNT,0.1,C:\Users\Leon\Desktop\QUANT\Data_Center\Data\2_Baseline\Trades\Backtest\DEMO_ACCOUNT\OOS\listOfTrades_USDCAD_30_2.34.141_BUY_M15_OOS.csv,0.1,3.3,32.99999999999999,237.92999999999995,0.0,237.92999999999995,3.2999999999999994,3.2999999999999994,1550.999999999999
870,USDCAD,BUY,2024-08-22 09:30:00+00:00,2024-08-22 14:33:20+00:00,1.35825,1.35929,7.15,7.15,2.34.141,DEMO,OOS,0.0,0.1,0.1,DEMO_ACCOUNT,0.1,C:\Users\Leon\Desktop\QUANT\Data_Center\Data\2_Baseline\Trades\Backtest\DEMO_ACCOUNT\OOS\listOfTrades_USDCAD_30_2.34.141_BUY_M15_OOS.csv,0.1,3.3,32.99999999999999,235.94999999999996,0.0,235.94999999999996,3.2999999999999994,3.2999999999999994,1786.9499999999991
872,USDCAD,BUY,2024-08-26 15:30:00+00:00,2024-08-26 23:45:00+00:00,1.3495,1.34883,-5.47,-5.47,2.34.141,DEMO,OOS,0.0,0.1,0.1,DEMO_ACCOUNT,0.1,C:\Users\Leon\Desktop\QUANT\Data_Center\Data\2_Baseline\Trades\Backtest\DEMO_ACCOUNT\OOS\listOfTrades_USDCAD_30_2.34.141_BUY_M15_OOS.csv,0.1,3.3,32.99999999999999,-180.50999999999996,0.0,-180.50999999999996,3.2999999999999994,3.2999999999999994,1606.4399999999991
874,USDCAD,BUY,2024-08-27 10:15:00+00:00,2024-08-27 23:45:00+00:00,1.34778,1.34433,-26.16,-26.16,2.34.141,DEMO,OOS,0.0,0.1,0.1,DEMO_ACCOUNT,0.1,C:\Users\Leon\Desktop\QUANT\Data_Center\Data\2_Baseline\Trades\Backtest\DEMO_ACCOUNT\OOS\listOfTrades_USDCAD_30_2.34.141_BUY_M15_OOS.csv,0.1,3.3,32.99999999999999,-863.2799999999999,0.0,-863.2799999999999,3.2999999999999994,3.2999999999999994,743.1599999999993
876,USDCAD,BUY,2024-08-30 10:30:00+00:00,2024-08-30 16:02:40+00:00,1.34758,1.34891,9.36,9.36,2.34.141,DEMO,OOS,0.0,0.1,0.1,DEMO_ACCOUNT,0.1,C:\Users\Leon\Desktop\QUANT\Data_Center\Data\2_Baseline\Trades\Backtest\DEMO_ACCOUNT\OOS\listOfTrades_USDCAD_30_2.34.141_BUY_M15_OOS.csv,0.1,3.3,32.99999999999999,308.87999999999994,0.0,308.87999999999994,3.2999999999999994,3.2999999999999994,1052.0399999999993
878,USDCAD,BUY,2024-09-04 17:00:00+00:00,2024-09-04 23:45:00+00:00,1.35243,1.3508,-12.57,-12.57,2.34.141,DEMO,OOS,0.0,0.1,0.1,DEMO_ACCOUNT,0.1,C:\Users\Leon\Desktop\QUANT\Data_Center\Data\2_Baseline\Trades\Backtest\DEMO_ACCOUNT\OOS\listOfTrades_USDCAD_30_2.34.141_BUY_M15_OOS.csv,0.1,3.3,32.99999999999999,-414.80999999999995,0.0,-414.80999999999995,3.2999999999999994,3.2999999999999994,637.2299999999993
880,USDCAD,BUY,2024-09-06 11:00:00+00:00,2024-09-06 16:08:40+00:00,1.34962,1.35102,9.86,9.86,2.34.141,DEMO,OOS,0.0,0.1,0.1,DEMO_ACCOUNT,0.1,C:\Users\Leon\Desktop\QUANT\Data_Center\Data\2_Baseline\Trades\Backtest\DEMO_ACCOUNT\OOS\listOfTrades_USDCAD_30_2.34.141_BUY_M15_OOS.csv,0.1,3.3,32.99999999999999,325.37999999999994,0.0,325.37999999999994,3.2999999999999994,3.2999999999999994,962.6099999999992
882,USDCAD,BUY,2024-09-09 19:30:00+00:00,2024-09-09 23:45:00+00:00,1.35518,1.35583,4.29,4.29,2.34.141,DEMO,OOS,0.0,0.1,0.1,DEMO_ACCOUNT,0.1,C:\Users\Leon\Desktop\QUANT\Data_Center\Data\2_Baseline\Trades\Backtest\DEMO_ACCOUNT\OOS\listOfTrades_USDCAD_30_2.34.141_BUY_M15_OOS.csv,0.1,3.3,32.99999999999999,141.56999999999996,0.0,141.56999999999996,3.2999999999999994,3.2999999999999994,1104.1799999999992
884,USDCAD,BUY,2024-09-11 08:15:00+00:00,2024-09-11 17:00:40+00:00,1.35978,1.36109,9.12,9.12,2.34.141,DEMO,OOS,0.0,0.1,0.1,DEMO_ACCOUNT,0.1,C:\Users\Leon\Desktop\QUANT\Data_Center\Data\2_Baseline\Trades\Backtest\DEMO_ACCOUNT\OOS\listOfTrades_USDCAD_30_2.34.141_BUY_M15_OOS.csv,0.1,3.3,32.99999999999999,300.9599999999999,0.0,300.9599999999999,3.2999999999999994,3.2999999999999994,1405.139999999999
886,USDCAD,BUY,2024-09-27 14:45:00+00:00,2024-09-27 18:03:40+00:00,1.34745,1.34901,11.06,11.06,2.34.141,DEMO,OOS,0.0,0.1,0.1,DEMO_ACCOUNT,0.1,C:\Users\Leon\Desktop\QUANT\Data_Center\Data\2_Baseline\Trades\Backtest\DEMO_ACCOUNT\OOS\listOfTrades_USDCAD_30_2.34.141_BUY_M15_OOS.csv,0.1,3.3,32.99999999999999,364.97999999999996,0.0,364.97999999999996,3.2999999999999994,3.2999999999999994,1770.119999999999
888,USDCAD,BUY,2024-09-30 08:45:00+00:00,2024-09-30 11:08:40+00:00,1.35014,1.35161,10.38,10.38,2.34.141,DEMO,OOS,0.0,0.1,0.1,DEMO_ACCOUNT,0.1,C:\Users\Leon\Desktop\QUANT\Data_Center\Data\2_Baseline\Trades\Backtest\DEMO_ACCOUNT\OOS\listOfTrades_USDCAD_30_2.34.141_BUY_M15_OOS.csv,0.1,3.3,32.99999999999999,342.53999999999996,0.0,342.53999999999996,3.2999999999999994,3.2999999999999994,2112.659999999999
890,USDCAD,BUY,2024-10-02 14:30:00+00:00,2024-10-02 16:41:40+00:00,1.34769,1.34949,12.84,12.84,2.34.141,DEMO,OOS,0.0,0.1,0.1,DEMO_ACCOUNT,0.1,C:\Users\Leon\Desktop\QUANT\Data_Center\Data\2_Baseline\Trades\Backtest\DEMO_ACCOUNT\OOS\listOfTrades_USDCAD_30_2.34.141_BUY_M15_OOS.csv,0.1,3.3,32.99999999999999,423.7199999999999,0.0,423.7199999999999,3.2999999999999994,3.2999999999999994,2536.3799999999987
892,USDCAD,BUY,2024-10-11 15:45:00+00:00,2024-10-11 17:46:40+00:00,1.37433,1.37688,18.02,18.02,2.34.141,DEMO,OOS,0.0,0.1,0.1,DEMO_ACCOUNT,0.1,C:\Users\Leon\Desktop\QUANT\Data_Center\Data\2_Baseline\Trades\Backtest\DEMO_ACCOUNT\OOS\listOfTrades_USDCAD_30_2.34.141_BUY_M15_OOS.csv,0.1,3.3,32.99999999999999,594.6599999999999,0.0,594.6599999999999,3.2999999999999994,3.2999999999999994,3131.0399999999986
894,USDCAD,BUY,2024-10-14 06:30:00+00:00,2024-10-14 12:54:40+00:00,1.37735,1.37916,12.62,12.62,2.34.141,DEMO,OOS,0.0,0.1,0.1,DEMO_ACCOUNT,0.1,C:\Users\Leon\Desktop\QUANT\Data_Center\Data\2_Baseline\Trades\Backtest\DEMO_ACCOUNT\OOS\listOfTrades_USDCAD_30_2.34.141_BUY_M15_OOS.csv,0.1,3.3,32.99999999999999,416.45999999999987,0.0,416.45999999999987,3.2999999999999994,3.2999999999999994,3547.4999999999986
896,USDCAD,BUY,2024-10-15 19:15:00+00:00,2024-10-15 23:45:00+00:00,1.37941,1.37772,-12.77,-12.77,2.34.141,DEMO,OOS,0.0,0.1,0.1,DEMO_ACCOUNT,0.1,C:\Users\Leon\Desktop\QUANT\Data_Center\Data\2_Baseline\Trades\Backtest\DEMO_ACCOUNT\OOS\listOfTrades_USDCAD_30_2.34.141_BUY_M15_OOS.csv,0.1,3.3,32.99999999999999,-421.4099999999999,0.0,-421.4099999999999,3.2999999999999994,3.2999999999999994,3126.089999999999
898,USDCAD,BUY,2024-10-22 07:30:00+00:00,2024-10-22 23:45:00+00:00,1.3828,1.38165,-8.82,-8.82,2.34.141,DEMO,OOS,0.0,0.1,0.1,DEMO_ACCOUNT,0.1,C:\Users\Leon\Desktop\QUANT\Data_Center\Data\2_Baseline\Trades\Backtest\DEMO_ACCOUNT\OOS\listOfTrades_USDCAD_30_2.34.141_BUY_M15_OOS.csv,0.1,3.3,32.99999999999999,-291.05999999999995,0.0,-291.05999999999995,3.2999999999999994,3.2999999999999994,2835.029999999999
900,USDCAD,BUY,2024-10-24 08:30:00+00:00,2024-10-24 16:52:40+00:00,1.38231,1.38339,7.31,7.31,2.34.141,DEMO,OOS,0.0,0.1,0.1,DEMO_ACCOUNT,0.1,C:\Users\Leon\Desktop\QUANT\Data_Center\Data\2_Baseline\Trades\Backtest\DEMO_ACCOUNT\OOS\listOfTrades_USDCAD_30_2.34.141_BUY_M15_OOS.csv,0.1,3.3,32.99999999999999,241.22999999999993,0.0,241.22999999999993,3.2999999999999994,3.2999999999999994,3076.259999999999
902,USDCAD,BUY,2024-10-25 11:00:00+00:00,2024-10-25 16:54:40+00:00,1.38462,1.3858,8.01,8.01,2.34.141,DEMO,OOS,0.0,0.1,0.1,DEMO_ACCOUNT,0.1,C:\Users\Leon\Desktop\QUANT\Data_Center\Data\2_Baseline\Trades\Backtest\DEMO_ACCOUNT\OOS\listOfTrades_USDCAD_30_2.34.141_BUY_M15_OOS.csv,0.1,3.3,32.99999999999999,264.3299999999999,0.0,264.3299999999999,3.2999999999999994,3.2999999999999994,3340.589999999999
904,USDCAD,BUY,2024-10-28 09:15:00+00:00,2024-10-28 18:33:20+00:00,1.38902,1.39031,8.78,8.78,2.34.141,DEMO,OOS,0.0,0.1,0.1,DEMO_ACCOUNT,0.1,C:\Users\Leon\Desktop\QUANT\Data_Center\Data\2_Baseline\Trades\Backtest\DEMO_ACCOUNT\OOS\listOfTrades_USDCAD_30_2.34.141_BUY_M15_OOS.csv,0.1,3.3,32.99999999999999,289.7399999999999,0.0,289.7399999999999,3.2999999999999994,3.2999999999999994,3630.3299999999986
906,USDCAD,BUY,2024-11-07 08:30:00+00:00,2024-11-07 23:45:00+00:00,1.38895,1.38612,-20.92,-20.92,2.34.141,DEMO,OOS,0.0,0.1,0.1,DEMO_ACCOUNT,0.1,C:\Users\Leon\Desktop\QUANT\Data_Center\Data\2_Baseline\Trades\Backtest\DEMO_ACCOUNT\OOS\listOfTrades_USDCAD_30_2.34.141_BUY_M15_OOS.csv,0.1,3.3,32.99999999999999,-690.3599999999999,0.0,-690.3599999999999,3.2999999999999994,3.2999999999999994,2939.9699999999984
908,USDCAD,BUY,2024-11-15 10:45:00+00:00,2024-11-15 16:09:40+00:00,1.40519,1.40697,12.15,12.15,2.34.141,DEMO,OOS,0.0,0.1,0.1,DEMO_ACCOUNT,0.1,C:\Users\Leon\Desktop\QUANT\Data_Center\Data\2_Baseline\Trades\Backtest\DEMO_ACCOUNT\OOS\listOfTrades_USDCAD_30_2.34.141_BUY_M15_OOS.csv,0.1,3.3,32.99999999999999,400.94999999999993,0.0,400.94999999999993,3.2999999999999994,3.2999999999999994,3340.9199999999983
910,USDCAD,BUY,2024-11-18 17:15:00+00:00,2024-11-18 23:45:00+00:00,1.4064,1.40186,-32.89,-32.89,2.34.141,DEMO,OOS,0.0,0.1,0.1,DEMO_ACCOUNT,0.1,C:\Users\Leon\Desktop\QUANT\Data_Center\Data\2_Baseline\Trades\Backtest\DEMO_ACCOUNT\OOS\listOfTrades_USDCAD_30_2.34.141_BUY_M15_OOS.csv,0.1,3.3,32.99999999999999,-1085.37,0.0,-1085.37,3.2999999999999994,3.2999999999999994,2255.5499999999984
912,USDCAD,BUY,2024-11-19 10:30:00+00:00,2024-11-19 10:40:40+00:00,1.40058,1.40231,11.84,11.84,2.34.141,DEMO,OOS,0.0,0.1,0.1,DEMO_ACCOUNT,0.1,C:\Users\Leon\Desktop\QUANT\Data_Center\Data\2_Baseline\Trades\Backtest\DEMO_ACCOUNT\OOS\listOfTrades_USDCAD_30_2.34.141_BUY_M15_OOS.csv,0.1,3.3,32.99999999999999,390.7199999999999,0.0,390.7199999999999,3.2999999999999994,3.2999999999999994,2646.269999999998
914,USDCAD,BUY,2024-11-20 08:45:00+00:00,2024-11-20 10:11:40+00:00,1.3952,1.39663,9.74,9.74,2.34.141,DEMO,OOS,0.0,0.1,0.1,DEMO_ACCOUNT,0.1,C:\Users\Leon\Desktop\QUANT\Data_Center\Data\2_Baseline\Trades\Backtest\DEMO_ACCOUNT\OOS\listOfTrades_USDCAD_30_2.34.141_BUY_M15_OOS.csv,0.1,3.3,32.99999999999999,321.41999999999996,0.0,321.41999999999996,3.2999999999999994,3.2999999999999994,2967.6899999999982
916,USDCAD,BUY,2024-11-21 06:15:00+00:00,2024-11-21 23:45:00+00:00,1.39668,1.39739,4.58,4.58,2.34.141,DEMO,OOS,0.0,0.1,0.1,DEMO_ACCOUNT,0.1,C:\Users\Leon\Desktop\QUANT\Data_Center\Data\2_Baseline\Trades\Backtest\DEMO_ACCOUNT\OOS\listOfTrades_USDCAD_30_2.34.141_BUY_M15_OOS.csv,0.1,3.3,32.99999999999999,151.13999999999996,0.0,151.13999999999996,3.2999999999999994,3.2999999999999994,3118.829999999998
918,USDCAD,BUY,2024-11-26 06:15:00+00:00,2024-11-26 23:45:00+00:00,1.40917,1.40554,-26.33,-26.33,2.34.141,DEMO,OOS,0.0,0.1,0.1,DEMO_ACCOUNT,0.1,C:\Users\Leon\Desktop\QUANT\Data_Center\Data\2_Baseline\Trades\Backtest\DEMO_ACCOUNT\OOS\listOfTrades_USDCAD_30_2.34.141_BUY_M15_OOS.csv,0.1,3.3,32.99999999999999,-868.8899999999998,0.0,-868.8899999999998,3.2999999999999994,3.2999999999999994,2249.9399999999982
920,USDCAD,BUY,2024-11-28 12:30:00+00:00,2024-11-28 23:45:00+00:00,1.40042,1.40109,4.28,4.28,2.34.141,DEMO,OOS,0.0,0.1,0.1,DEMO_ACCOUNT,0.1,C:\Users\Leon\Desktop\QUANT\Data_Center\Data\2_Baseline\Trades\Backtest\DEMO_ACCOUNT\OOS\listOfTrades_USDCAD_30_2.34.141_BUY_M15_OOS.csv,0.1,3.3,32.99999999999999,141.23999999999998,0.0,141.23999999999998,3.2999999999999994,3.2999999999999994,2391.179999999998
922,USDCAD,BUY,2024-11-29 02:30:00+00:00,2024-11-29 14:45:40+00:00,1.40062,1.40184,8.2,8.2,2.34.141,DEMO,OOS,0.0,0.1,0.1,DEMO_ACCOUNT,0.1,C:\Users\Leon\Desktop\QUANT\Data_Center\Data\2_Baseline\Trades\Backtest\DEMO_ACCOUNT\OOS\listOfTrades_USDCAD_30_2.34.141_BUY_M15_OOS.csv,0.1,3.3,32.99999999999999,270.5999999999999,0.0,270.5999999999999,3.2999999999999994,3.2999999999999994,2661.779999999998
924,USDCAD,BUY,2024-12-02 12:15:00+00:00,2024-12-02 16:36:40+00:00,1.40261,1.40515,17.58,17.58,2.34.141,DEMO,OOS,0.0,0.1,0.1,DEMO_ACCOUNT,0.1,C:\Users\Leon\Desktop\QUANT\Data_Center\Data\2_Baseline\Trades\Backtest\DEMO_ACCOUNT\OOS\listOfTrades_USDCAD_30_2.34.141_BUY_M15_OOS.csv,0.1,3.3,32.99999999999999,580.1399999999999,0.0,580.1399999999999,3.2999999999999994,3.2999999999999994,3241.919999999998
926,USDCAD,BUY,2024-12-03 09:15:00+00:00,2024-12-03 17:11:40+00:00,1.40382,1.40579,13.51,13.51,2.34.141,DEMO,OOS,0.0,0.1,0.1,DEMO_ACCOUNT,0.1,C:\Users\Leon\Desktop\QUANT\Data_Center\Data\2_Baseline\Trades\Backtest\DEMO_ACCOUNT\OOS\listOfTrades_USDCAD_30_2.34.141_BUY_M15_OOS.csv,0.1,3.3,32.99999999999999,445.82999999999987,0.0,445.82999999999987,3.2999999999999994,3.2999999999999994,3687.7499999999977
928,USDCAD,BUY,2024-12-04 07:00:00+00:00,2024-12-04 23:45:00+00:00,1.40644,1.40716,4.62,4.62,2.34.141,DEMO,OOS,0.0,0.1,0.1,DEMO_ACCOUNT,0.1,C:\Users\Leon\Desktop\QUANT\Data_Center\Data\2_Baseline\Trades\Backtest\DEMO_ACCOUNT\OOS\listOfTrades_USDCAD_30_2.34.141_BUY_M15_OOS.csv,0.1,3.3,32.99999999999999,152.45999999999998,0.0,152.45999999999998,3.2999999999999994,3.2999999999999994,3840.2099999999978
930,USDCAD,BUY,2024-12-09 11:15:00+00:00,2024-12-09 21:52:40+00:00,1.41433,1.41627,13.2,13.2,2.34.141,DEMO,OOS,0.0,0.1,0.1,DEMO_ACCOUNT,0.1,C:\Users\Leon\Desktop\QUANT\Data_Center\Data\2_Baseline\Trades\Backtest\DEMO_ACCOUNT\OOS\listOfTrades_USDCAD_30_2.34.141_BUY_M15_OOS.csv,0.1,3.3,32.99999999999999,435.5999999999999,0.0,435.5999999999999,3.2999999999999994,3.2999999999999994,4275.809999999998
932,USDCAD,BUY,2024-12-10 09:00:00+00:00,2024-12-10 09:59:40+00:00,1.41681,1.41854,11.7,11.7,2.34.141,DEMO,OOS,0.0,0.1,0.1,DEMO_ACCOUNT,0.1,C:\Users\Leon\Desktop\QUANT\Data_Center\Data\2_Baseline\Trades\Backtest\DEMO_ACCOUNT\OOS\listOfTrades_USDCAD_30_2.34.141_BUY_M15_OOS.csv,0.1,3.3,32.99999999999999,386.0999999999999,0.0,386.0999999999999,3.2999999999999994,3.2999999999999994,4661.909999999998
934,USDCAD,BUY,2024-12-11 03:30:00+00:00,2024-12-11 09:35:40+00:00,1.41679,1.41835,10.5,10.5,2.34.141,DEMO,OOS,0.0,0.1,0.1,DEMO_ACCOUNT,0.1,C:\Users\Leon\Desktop\QUANT\Data_Center\Data\2_Baseline\Trades\Backtest\DEMO_ACCOUNT\OOS\listOfTrades_USDCAD_30_2.34.141_BUY_M15_OOS.csv,0.1,3.3,32.99999999999999,346.49999999999994,0.0,346.49999999999994,3.2999999999999994,3.2999999999999994,5008.409999999998
936,USDCAD,BUY,2024-12-12 09:15:00+00:00,2024-12-12 14:00:40+00:00,1.41373,1.41548,11.86,11.86,2.34.141,DEMO,OOS,0.0,0.1,0.1,DEMO_ACCOUNT,0.1,C:\Users\Leon\Desktop\QUANT\Data_Center\Data\2_Baseline\Trades\Backtest\DEMO_ACCOUNT\OOS\listOfTrades_USDCAD_30_2.34.141_BUY_M15_OOS.csv,0.1,3.3,32.99999999999999,391.3799999999999,0.0,391.3799999999999,3.2999999999999994,3.2999999999999994,5399.789999999998
938,USDCAD,BUY,2024-12-13 13:15:00+00:00,2024-12-13 17:00:40+00:00,1.42187,1.42368,12.21,12.21,2.34.141,DEMO,OOS,0.0,0.1,0.1,DEMO_ACCOUNT,0.1,C:\Users\Leon\Desktop\QUANT\Data_Center\Data\2_Baseline\Trades\Backtest\DEMO_ACCOUNT\OOS\listOfTrades_USDCAD_30_2.34.141_BUY_M15_OOS.csv,0.1,3.3,32.99999999999999,402.92999999999995,0.0,402.92999999999995,3.2999999999999994,3.2999999999999994,5802.719999999998
940,USDCAD,BUY,2024-12-16 02:15:00+00:00,2024-12-16 12:53:40+00:00,1.422,1.42398,13.4,13.4,2.34.141,DEMO,OOS,0.0,0.1,0.1,DEMO_ACCOUNT,0.1,C:\Users\Leon\Desktop\QUANT\Data_Center\Data\2_Baseline\Trades\Backtest\DEMO_ACCOUNT\OOS\listOfTrades_USDCAD_30_2.34.141_BUY_M15_OOS.csv,0.1,3.3,32.99999999999999,442.19999999999993,0.0,442.19999999999993,3.2999999999999994,3.2999999999999994,6244.919999999998
942,USDCAD,BUY,2024-12-19 09:30:00+00:00,2024-12-19 16:38:40+00:00,1.4427,1.4347,-56.26,-56.26,2.34.141,DEMO,OOS,0.0,0.1,0.1,DEMO_ACCOUNT,0.1,C:\Users\Leon\Desktop\QUANT\Data_Center\Data\2_Baseline\Trades\Backtest\DEMO_ACCOUNT\OOS\listOfTrades_USDCAD_30_2.34.141_BUY_M15_OOS.csv,0.1,3.3,32.99999999999999,-1856.5799999999995,0.0,-1856.5799999999995,3.2999999999999994,3.2999999999999994,4388.339999999998
944,USDCAD,BUY,2024-12-20 08:30:00+00:00,2024-12-20 23:45:00+00:00,1.44077,1.43718,-25.48,-25.48,2.34.141,DEMO,OOS,0.0,0.1,0.1,DEMO_ACCOUNT,0.1,C:\Users\Leon\Desktop\QUANT\Data_Center\Data\2_Baseline\Trades\Backtest\DEMO_ACCOUNT\OOS\listOfTrades_USDCAD_30_2.34.141_BUY_M15_OOS.csv,0.1,3.3,32.99999999999999,-840.8399999999998,0.0,-840.8399999999998,3.2999999999999994,3.2999999999999994,3547.4999999999986
946,USDCAD,BUY,2024-12-27 06:45:00+00:00,2024-12-27 17:17:40+00:00,1.44079,1.44199,7.82,7.82,2.34.141,DEMO,OOS,0.0,0.1,0.1,DEMO_ACCOUNT,0.1,C:\Users\Leon\Desktop\QUANT\Data_Center\Data\2_Baseline\Trades\Backtest\DEMO_ACCOUNT\OOS\listOfTrades_USDCAD_30_2.34.141_BUY_M15_OOS.csv,0.1,3.3,32.99999999999999,258.05999999999995,0.0,258.05999999999995,3.2999999999999994,3.2999999999999994,3805.5599999999986
948,USDCAD,BUY,2025-01-06 09:30:00+00:00,2025-01-06 13:54:40+00:00,1.43883,1.43083,-56.41,-56.41,2.34.141,DEMO,OOS,0.0,0.1,0.1,DEMO_ACCOUNT,0.1,C:\Users\Leon\Desktop\QUANT\Data_Center\Data\2_Baseline\Trades\Backtest\DEMO_ACCOUNT\OOS\listOfTrades_USDCAD_30_2.34.141_BUY_M15_OOS.csv,0.1,3.3,32.99999999999999,-1861.5299999999995,0.0,-1861.5299999999995,3.2999999999999994,3.2999999999999994,1944.029999999999
950,USDCAD,BUY,2025-01-07 07:15:00+00:00,2025-01-07 17:00:40+00:00,1.43213,1.43408,13.1,13.1,2.34.141,DEMO,OOS,0.0,0.1,0.1,DEMO_ACCOUNT,0.1,C:\Users\Leon\Desktop\QUANT\Data_Center\Data\2_Baseline\Trades\Backtest\DEMO_ACCOUNT\OOS\listOfTrades_USDCAD_30_2.34.141_BUY_M15_OOS.csv,0.1,3.3,32.99999999999999,432.2999999999999,0.0,432.2999999999999,3.2999999999999994,3.2999999999999994,2376.329999999999
952,USDCAD,BUY,2025-01-10 16:30:00+00:00,2025-01-10 17:11:40+00:00,1.43769,1.44124,24.13,24.13,2.34.141,DEMO,OOS,0.0,0.1,0.1,DEMO_ACCOUNT,0.1,C:\Users\Leon\Desktop\QUANT\Data_Center\Data\2_Baseline\Trades\Backtest\DEMO_ACCOUNT\OOS\listOfTrades_USDCAD_30_2.34.141_BUY_M15_OOS.csv,0.1,3.3,32.99999999999999,796.2899999999998,0.0,796.2899999999998,3.2999999999999994,3.2999999999999994,3172.619999999999
954,USDCAD,BUY,2025-01-13 15:00:00+00:00,2025-01-13 23:45:00+00:00,1.44164,1.43873,-20.73,-20.73,2.34.141,DEMO,OOS,0.0,0.1,0.1,DEMO_ACCOUNT,0.1,C:\Users\Leon\Desktop\QUANT\Data_Center\Data\2_Baseline\Trades\Backtest\DEMO_ACCOUNT\OOS\listOfTrades_USDCAD_30_2.34.141_BUY_M15_OOS.csv,0.1,3.3,32.99999999999999,-684.0899999999999,0.0,-684.0899999999999,3.2999999999999994,3.2999999999999994,2488.529999999999
956,USDCAD,BUY,2025-01-14 06:45:00+00:00,2025-01-14 14:19:20+00:00,1.43734,1.4397,15.89,15.89,2.34.141,DEMO,OOS,0.0,0.1,0.1,DEMO_ACCOUNT,0.1,C:\Users\Leon\Desktop\QUANT\Data_Center\Data\2_Baseline\Trades\Backtest\DEMO_ACCOUNT\OOS\listOfTrades_USDCAD_30_2.34.141_BUY_M15_OOS.csv,0.1,3.3,32.99999999999999,524.3699999999999,0.0,524.3699999999999,3.2999999999999994,3.2999999999999994,3012.8999999999987
958,USDCAD,BUY,2025-01-15 09:45:00+00:00,2025-01-15 14:49:40+00:00,1.43485,1.43648,10.85,10.85,2.34.141,DEMO,OOS,0.0,0.1,0.1,DEMO_ACCOUNT,0.1,C:\Users\Leon\Desktop\QUANT\Data_Center\Data\2_Baseline\Trades\Backtest\DEMO_ACCOUNT\OOS\listOfTrades_USDCAD_30_2.34.141_BUY_M15_OOS.csv,0.1,3.3,32.99999999999999,358.0499999999999,0.0,358.0499999999999,3.2999999999999994,3.2999999999999994,3370.9499999999985
960,USDCAD,BUY,2025-01-20 06:15:00+00:00,2025-01-20 11:11:40+00:00,1.44445,1.44667,14.85,14.85,2.34.141,DEMO,OOS,0.0,0.1,0.1,DEMO_ACCOUNT,0.1,C:\Users\Leon\Desktop\QUANT\Data_Center\Data\2_Baseline\Trades\Backtest\DEMO_ACCOUNT\OOS\listOfTrades_USDCAD_30_2.34.141_BUY_M15_OOS.csv,0.1,3.3,32.99999999999999,490.0499999999999,0.0,490.0499999999999,3.2999999999999994,3.2999999999999994,3860.999999999998
962,USDCAD,BUY,2025-01-21 03:15:00+00:00,2025-01-21 18:21:40+00:00,1.44441,1.43641,-56.19,-56.19,2.34.141,DEMO,OOS,0.0,0.1,0.1,DEMO_ACCOUNT,0.1,C:\Users\Leon\Desktop\QUANT\Data_Center\Data\2_Baseline\Trades\Backtest\DEMO_ACCOUNT\OOS\listOfTrades_USDCAD_30_2.34.141_BUY_M15_OOS.csv,0.1,3.3,32.99999999999999,-1854.2699999999995,0.0,-1854.2699999999995,3.2999999999999994,3.2999999999999994,2006.7299999999987
964,USDCAD,BUY,2025-01-23 16:45:00+00:00,2025-01-23 23:45:00+00:00,1.43796,1.43766,-2.59,-2.59,2.34.141,DEMO,OOS,0.0,0.1,0.1,DEMO_ACCOUNT,0.1,C:\Users\Leon\Desktop\QUANT\Data_Center\Data\2_Baseline\Trades\Backtest\DEMO_ACCOUNT\OOS\listOfTrades_USDCAD_30_2.34.141_BUY_M15_OOS.csv,0.1,3.3,32.99999999999999,-85.46999999999997,0.0,-85.46999999999997,3.2999999999999994,3.2999999999999994,1921.2599999999986
966,USDCAD,BUY,2025-01-31 08:30:00+00:00,2025-01-31 16:08:40+00:00,1.44711,1.45016,20.53,20.53,2.34.141,DEMO,OOS,0.0,0.1,0.1,DEMO_ACCOUNT,0.1,C:\Users\Leon\Desktop\QUANT\Data_Center\Data\2_Baseline\Trades\Backtest\DEMO_ACCOUNT\OOS\listOfTrades_USDCAD_30_2.34.141_BUY_M15_OOS.csv,0.1,3.3,32.99999999999999,677.4899999999999,0.0,677.4899999999999,3.2999999999999994,3.2999999999999994,2598.7499999999986
968,USDCAD,BUY,2025-02-03 08:45:00+00:00,2025-02-03 15:04:40+00:00,1.47047,1.46247,-55.2,-55.2,2.34.141,DEMO,OOS,0.0,0.1,0.1,DEMO_ACCOUNT,0.1,C:\Users\Leon\Desktop\QUANT\Data_Center\Data\2_Baseline\Trades\Backtest\DEMO_ACCOUNT\OOS\listOfTrades_USDCAD_30_2.34.141_BUY_M15_OOS.csv,0.1,3.3,32.99999999999999,-1821.5999999999997,0.0,-1821.5999999999997,3.2999999999999994,3.2999999999999994,777.149999999999
970,USDCAD,BUY,2025-02-04 09:45:00+00:00,2025-02-04 17:00:40+00:00,1.44375,1.43575,-56.22,-56.22,2.34.141,DEMO,OOS,0.0,0.1,0.1,DEMO_ACCOUNT,0.1,C:\Users\Leon\Desktop\QUANT\Data_Center\Data\2_Baseline\Trades\Backtest\DEMO_ACCOUNT\OOS\listOfTrades_USDCAD_30_2.34.141_BUY_M15_OOS.csv,0.1,3.3,32.99999999999999,-1855.2599999999995,0.0,-1855.2599999999995,3.2999999999999994,3.2999999999999994,-1078.1100000000006
972,USDCAD,BUY,2025-02-05 10:00:00+00:00,2025-02-05 23:45:00+00:00,1.431,1.43147,2.78,2.78,2.34.141,DEMO,OOS,0.0,0.1,0.1,DEMO_ACCOUNT,0.1,C:\Users\Leon\Desktop\QUANT\Data_Center\Data\2_Baseline\Trades\Backtest\DEMO_ACCOUNT\OOS\listOfTrades_USDCAD_30_2.34.141_BUY_M15_OOS.csv,0.1,3.3,32.99999999999999,91.73999999999998,0.0,91.73999999999998,3.2999999999999994,3.2999999999999994,-986.3700000000006
974,USDCAD,BUY,2025-02-06 00:15:30+00:00,2025-02-06 06:52:40+00:00,1.43169,1.43499,22.5,22.5,2.34.141,DEMO,OOS,0.0,0.1,0.1,DEMO_ACCOUNT,0.1,C:\Users\Leon\Desktop\QUANT\Data_Center\Data\2_Baseline\Trades\Backtest\DEMO_ACCOUNT\OOS\listOfTrades_USDCAD_30_2.34.141_BUY_M15_OOS.csv,0.1,3.3,32.99999999999999,742.4999999999999,0.0,742.4999999999999,3.2999999999999994,3.2999999999999994,-243.8700000000007
976,USDCAD,BUY,2025-02-07 03:15:00+00:00,2025-02-07 13:41:40+00:00,1.43136,1.43354,14.71,14.71,2.34.141,DEMO,OOS,0.0,0.1,0.1,DEMO_ACCOUNT,0.1,C:\Users\Leon\Desktop\QUANT\Data_Center\Data\2_Baseline\Trades\Backtest\DEMO_ACCOUNT\OOS\listOfTrades_USDCAD_30_2.34.141_BUY_M15_OOS.csv,0.1,3.3,32.99999999999999,485.42999999999995,0.0,485.42999999999995,3.2999999999999994,3.2999999999999994,241.55999999999926
978,USDCAD,BUY,2025-02-10 11:15:00+00:00,2025-02-10 23:45:00+00:00,1.43189,1.43095,-7.07,-7.07,2.34.141,DEMO,OOS,0.0,0.1,0.1,DEMO_ACCOUNT,0.1,C:\Users\Leon\Desktop\QUANT\Data_Center\Data\2_Baseline\Trades\Backtest\DEMO_ACCOUNT\OOS\listOfTrades_USDCAD_30_2.34.141_BUY_M15_OOS.csv,0.1,3.3,32.99999999999999,-233.30999999999995,0.0,-233.30999999999995,3.2999999999999994,3.2999999999999994,8.249999999999318
980,USDCAD,BUY,2025-02-14 08:45:00+00:00,2025-02-14 23:45:00+00:00,1.41802,1.41747,-4.38,-4.38,2.34.141,DEMO,OOS,0.0,0.1,0.1,DEMO_ACCOUNT,0.1,C:\Users\Leon\Desktop\QUANT\Data_Center\Data\2_Baseline\Trades\Backtest\DEMO_ACCOUNT\OOS\listOfTrades_USDCAD_30_2.34.141_BUY_M15_OOS.csv,0.1,3.3,32.99999999999999,-144.53999999999996,0.0,-144.53999999999996,3.2999999999999994,3.2999999999999994,-136.29000000000065
982,USDCAD,BUY,2025-02-17 02:00:00+00:00,2025-02-17 23:45:00+00:00,1.41817,1.41829,0.35,0.35,2.34.141,DEMO,OOS,0.0,0.1,0.1,DEMO_ACCOUNT,0.1,C:\Users\Leon\Desktop\QUANT\Data_Center\Data\2_Baseline\Trades\Backtest\DEMO_ACCOUNT\OOS\listOfTrades_USDCAD_30_2.34.141_BUY_M15_OOS.csv,0.1,3.3,32.99999999999999,11.549999999999997,0.0,11.549999999999997,3.2999999999999994,3.2999999999999994,-124.74000000000065
984,USDCAD,BUY,2025-02-27 09:45:00+00:00,2025-02-27 14:59:40+00:00,1.4339,1.43589,13.36,13.36,2.34.141,DEMO,OOS,0.0,0.1,0.1,DEMO_ACCOUNT,0.1,C:\Users\Leon\Desktop\QUANT\Data_Center\Data\2_Baseline\Trades\Backtest\DEMO_ACCOUNT\OOS\listOfTrades_USDCAD_30_2.34.141_BUY_M15_OOS.csv,0.1,3.3,32.99999999999999,440.8799999999999,0.0,440.8799999999999,3.2999999999999994,3.2999999999999994,316.13999999999925
986,USDCAD,BUY,2025-02-28 14:15:00+00:00,2025-02-28 20:16:40+00:00,1.4427,1.44487,14.52,14.52,2.34.141,DEMO,OOS,0.0,0.1,0.1,DEMO_ACCOUNT,0.1,C:\Users\Leon\Desktop\QUANT\Data_Center\Data\2_Baseline\Trades\Backtest\DEMO_ACCOUNT\OOS\listOfTrades_USDCAD_30_2.34.141_BUY_M15_OOS.csv,0.1,3.3,32.99999999999999,479.15999999999985,0.0,479.15999999999985,3.2999999999999994,3.2999999999999994,795.299999999999
988,USDCAD,BUY,2025-03-03 21:45:00+00:00,2025-03-03 21:51:40+00:00,1.44285,1.44713,29.08,29.08,2.34.141,DEMO,OOS,0.0,0.1,0.1,DEMO_ACCOUNT,0.1,C:\Users\Leon\Desktop\QUANT\Data_Center\Data\2_Baseline\Trades\Backtest\DEMO_ACCOUNT\OOS\listOfTrades_USDCAD_30_2.34.141_BUY_M15_OOS.csv,0.1,3.3,32.99999999999999,959.6399999999998,0.0,959.6399999999998,3.2999999999999994,3.2999999999999994,1754.9399999999987
990,USDCAD,BUY,2025-03-04 08:30:00+00:00,2025-03-04 18:08:40+00:00,1.44776,1.45156,25.68,25.68,2.34.141,DEMO,OOS,0.0,0.1,0.1,DEMO_ACCOUNT,0.1,C:\Users\Leon\Desktop\QUANT\Data_Center\Data\2_Baseline\Trades\Backtest\DEMO_ACCOUNT\OOS\listOfTrades_USDCAD_30_2.34.141_BUY_M15_OOS.csv,0.1,3.3,32.99999999999999,847.4399999999998,0.0,847.4399999999998,3.2999999999999994,3.2999999999999994,2602.3799999999983
992,USDCAD,BUY,2025-03-11 11:00:00+00:00,2025-03-11 17:01:40+00:00,1.44142,1.44464,21.79,21.79,2.34.141,DEMO,OOS,0.0,0.1,0.1,DEMO_ACCOUNT,0.1,C:\Users\Leon\Desktop\QUANT\Data_Center\Data\2_Baseline\Trades\Backtest\DEMO_ACCOUNT\OOS\listOfTrades_USDCAD_30_2.34.141_BUY_M15_OOS.csv,0.1,3.3,32.99999999999999,719.0699999999998,0.0,719.0699999999998,3.2999999999999994,3.2999999999999994,3321.449999999998
994,USDCAD,BUY,2025-03-14 09:45:00+00:00,2025-03-14 23:45:00+00:00,1.44216,1.4358,-44.8,-44.8,2.34.141,DEMO,OOS,0.0,0.1,0.1,DEMO_ACCOUNT,0.1,C:\Users\Leon\Desktop\QUANT\Data_Center\Data\2_Baseline\Trades\Backtest\DEMO_ACCOUNT\OOS\listOfTrades_USDCAD_30_2.34.141_BUY_M15_OOS.csv,0.1,3.3,32.99999999999999,-1478.3999999999996,0.0,-1478.3999999999996,3.2999999999999994,3.2999999999999994,1843.0499999999984
996,USDCAD,BUY,2025-03-17 11:00:00+00:00,2025-03-17 19:12:40+00:00,1.43633,1.42833,-56.51,-56.51,2.34.141,DEMO,OOS,0.0,0.1,0.1,DEMO_ACCOUNT,0.1,C:\Users\Leon\Desktop\QUANT\Data_Center\Data\2_Baseline\Trades\Backtest\DEMO_ACCOUNT\OOS\listOfTrades_USDCAD_30_2.34.141_BUY_M15_OOS.csv,0.1,3.3,32.99999999999999,-1864.8299999999995,0.0,-1864.8299999999995,3.2999999999999994,3.2999999999999994,-21.78000000000111
998,USDCAD,BUY,2025-03-18 11:15:00+00:00,2025-03-18 17:03:20+00:00,1.42831,1.42997,11.11,11.11,2.34.141,DEMO,OOS,0.0,0.1,0.1,DEMO_ACCOUNT,0.1,C:\Users\Leon\Desktop\QUANT\Data_Center\Data\2_Baseline\Trades\Backtest\DEMO_ACCOUNT\OOS\listOfTrades_USDCAD_30_2.34.141_BUY_M15_OOS.csv,0.1,3.3,32.99999999999999,366.6299999999999,0.0,366.6299999999999,3.2999999999999994,3.2999999999999994,344.8499999999988
1000,USDCAD,BUY,2025-03-26 06:45:00+00:00,2025-03-26 20:21:40+00:00,1.4272,1.42911,12.86,12.86,2.34.141,DEMO,OOS,0.0,0.1,0.1,DEMO_ACCOUNT,0.1,C:\Users\Leon\Desktop\QUANT\Data_Center\Data\2_Baseline\Trades\Backtest\DEMO_ACCOUNT\OOS\listOfTrades_USDCAD_30_2.34.141_BUY_M15_OOS.csv,0.1,3.3,32.99999999999999,424.3799999999999,0.0,424.3799999999999,3.2999999999999994,3.2999999999999994,769.2299999999987
1002,USDCAD,BUY,2025-03-28 16:15:00+00:00,2025-03-28 17:37:40+00:00,1.43007,1.43234,15.35,15.35,2.34.141,DEMO,OOS,0.0,0.1,0.1,DEMO_ACCOUNT,0.1,C:\Users\Leon\Desktop\QUANT\Data_Center\Data\2_Baseline\Trades\Backtest\DEMO_ACCOUNT\OOS\listOfTrades_USDCAD_30_2.34.141_BUY_M15_OOS.csv,0.1,3.3,32.99999999999999,506.5499999999999,0.0,506.5499999999999,3.2999999999999994,3.2999999999999994,1275.7799999999986
1004,USDCAD,BUY,2025-04-01 07:15:00+00:00,2025-04-01 09:28:40+00:00,1.43786,1.43975,12.63,12.63,2.34.141,DEMO,OOS,0.0,0.1,0.1,DEMO_ACCOUNT,0.1,C:\Users\Leon\Desktop\QUANT\Data_Center\Data\2_Baseline\Trades\Backtest\DEMO_ACCOUNT\OOS\listOfTrades_USDCAD_30_2.34.141_BUY_M15_OOS.csv,0.1,3.3,32.99999999999999,416.78999999999996,0.0,416.78999999999996,3.2999999999999994,3.2999999999999994,1692.5699999999986
1006,USDCAD,BUY,2025-04-03 00:15:00+00:00,2025-04-03 01:15:40+00:00,1.42304,1.43073,53.25,53.25,2.34.141,DEMO,OOS,0.0,0.1,0.1,DEMO_ACCOUNT,0.1,C:\Users\Leon\Desktop\QUANT\Data_Center\Data\2_Baseline\Trades\Backtest\DEMO_ACCOUNT\OOS\listOfTrades_USDCAD_30_2.34.141_BUY_M15_OOS.csv,0.1,3.3,32.99999999999999,1757.2499999999995,0.0,1757.2499999999995,3.2999999999999994,3.2999999999999994,3449.819999999998
1008,USDCAD,BUY,2025-04-07 08:00:00+00:00,2025-04-07 15:07:40+00:00,1.42163,1.42729,39.16,39.16,2.34.141,DEMO,OOS,0.0,0.1,0.1,DEMO_ACCOUNT,0.1,C:\Users\Leon\Desktop\QUANT\Data_Center\Data\2_Baseline\Trades\Backtest\DEMO_ACCOUNT\OOS\listOfTrades_USDCAD_30_2.34.141_BUY_M15_OOS.csv,0.1,3.3,32.99999999999999,1292.2799999999995,0.0,1292.2799999999995,3.2999999999999994,3.2999999999999994,4742.099999999998
1010,USDCAD,BUY,2025-04-08 15:30:00+00:00,2025-04-08 18:13:40+00:00,1.41627,1.42041,28.65,28.65,2.34.141,DEMO,OOS,0.0,0.1,0.1,DEMO_ACCOUNT,0.1,C:\Users\Leon\Desktop\QUANT\Data_Center\Data\2_Baseline\Trades\Backtest\DEMO_ACCOUNT\OOS\listOfTrades_USDCAD_30_2.34.141_BUY_M15_OOS.csv,0.1,3.3,32.99999999999999,945.4499999999997,0.0,945.4499999999997,3.2999999999999994,3.2999999999999994,5687.549999999997
1012,USDCAD,BUY,2025-04-11 10:45:00+00:00,2025-04-11 23:45:00+00:00,1.39072,1.3876,-22.98,-22.98,2.34.141,DEMO,OOS,0.0,0.1,0.1,DEMO_ACCOUNT,0.1,C:\Users\Leon\Desktop\QUANT\Data_Center\Data\2_Baseline\Trades\Backtest\DEMO_ACCOUNT\OOS\listOfTrades_USDCAD_30_2.34.141_BUY_M15_OOS.csv,0.1,3.3,32.99999999999999,-758.3399999999998,0.0,-758.3399999999998,3.2999999999999994,3.2999999999999994,4929.209999999997
1014,USDCAD,BUY,2025-04-14 09:45:00+00:00,2025-04-14 15:12:40+00:00,1.38377,1.38785,28.9,28.9,2.34.141,DEMO,OOS,0.0,0.1,0.1,DEMO_ACCOUNT,0.1,C:\Users\Leon\Desktop\QUANT\Data_Center\Data\2_Baseline\Trades\Backtest\DEMO_ACCOUNT\OOS\listOfTrades_USDCAD_30_2.34.141_BUY_M15_OOS.csv,0.1,3.3,32.99999999999999,953.6999999999997,0.0,953.6999999999997,3.2999999999999994,3.2999999999999994,5882.909999999997
1016,USDCAD,BUY,2025-04-16 06:45:00+00:00,2025-04-16 22:57:40+00:00,1.39422,1.38622,-58.21,-58.21,2.34.141,DEMO,OOS,0.0,0.1,0.1,DEMO_ACCOUNT,0.1,C:\Users\Leon\Desktop\QUANT\Data_Center\Data\2_Baseline\Trades\Backtest\DEMO_ACCOUNT\OOS\listOfTrades_USDCAD_30_2.34.141_BUY_M15_OOS.csv,0.1,3.3,32.99999999999999,-1920.9299999999996,0.0,-1920.9299999999996,3.2999999999999994,3.2999999999999994,3961.9799999999977
1018,USDCAD,BUY,2025-04-21 00:45:00+00:00,2025-04-21 23:45:00+00:00,1.38523,1.38363,-12.06,-12.06,2.34.141,DEMO,OOS,0.0,0.1,0.1,DEMO_ACCOUNT,0.1,C:\Users\Leon\Desktop\QUANT\Data_Center\Data\2_Baseline\Trades\Backtest\DEMO_ACCOUNT\OOS\listOfTrades_USDCAD_30_2.34.141_BUY_M15_OOS.csv,0.1,3.3,32.99999999999999,-397.9799999999999,0.0,-397.9799999999999,3.2999999999999994,3.2999999999999994,3563.9999999999977
1020,USDCAD,BUY,2025-04-22 06:15:00+00:00,2025-04-22 12:57:40+00:00,1.38163,1.38388,15.76,15.76,2.34.141,DEMO,OOS,0.0,0.1,0.1,DEMO_ACCOUNT,0.1,C:\Users\Leon\Desktop\QUANT\Data_Center\Data\2_Baseline\Trades\Backtest\DEMO_ACCOUNT\OOS\listOfTrades_USDCAD_30_2.34.141_BUY_M15_OOS.csv,0.1,3.3,32.99999999999999,520.0799999999999,0.0,520.0799999999999,3.2999999999999994,3.2999999999999994,4084.0799999999977
1022,USDCAD,BUY,2025-04-24 10:00:00+00:00,2025-04-24 17:49:40+00:00,1.38565,1.38783,15.21,15.21,2.34.141,DEMO,OOS,0.0,0.1,0.1,DEMO_ACCOUNT,0.1,C:\Users\Leon\Desktop\QUANT\Data_Center\Data\2_Baseline\Trades\Backtest\DEMO_ACCOUNT\OOS\listOfTrades_USDCAD_30_2.34.141_BUY_M15_OOS.csv,0.1,3.3,32.99999999999999,501.9299999999999,0.0,501.9299999999999,3.2999999999999994,3.2999999999999994,4586.0099999999975
1024,USDCAD,BUY,2025-04-30 09:30:00+00:00,2025-04-30 10:33:20+00:00,1.38197,1.38373,12.22,12.22,2.34.141,DEMO,OOS,0.0,0.1,0.1,DEMO_ACCOUNT,0.1,C:\Users\Leon\Desktop\QUANT\Data_Center\Data\2_Baseline\Trades\Backtest\DEMO_ACCOUNT\OOS\listOfTrades_USDCAD_30_2.34.141_BUY_M15_OOS.csv,0.1,3.3,32.99999999999999,403.25999999999993,0.0,403.25999999999993,3.2999999999999994,3.2999999999999994,4989.269999999998
1026,USDCAD,BUY,2025-05-02 06:30:00+00:00,2025-05-02 23:45:00+00:00,1.38245,1.38116,-9.84,-9.84,2.34.141,DEMO,OOS,0.0,0.1,0.1,DEMO_ACCOUNT,0.1,C:\Users\Leon\Desktop\QUANT\Data_Center\Data\2_Baseline\Trades\Backtest\DEMO_ACCOUNT\OOS\listOfTrades_USDCAD_30_2.34.141_BUY_M15_OOS.csv,0.1,3.3,32.99999999999999,-324.7199999999999,0.0,-324.7199999999999,3.2999999999999994,3.2999999999999994,4664.549999999997
1028,USDCAD,BUY,2025-05-09 07:15:00+00:00,2025-05-09 18:17:40+00:00,1.39172,1.39365,13.35,13.35,2.34.141,DEMO,OOS,0.0,0.1,0.1,DEMO_ACCOUNT,0.1,C:\Users\Leon\Desktop\QUANT\Data_Center\Data\2_Baseline\Trades\Backtest\DEMO_ACCOUNT\OOS\listOfTrades_USDCAD_30_2.34.141_BUY_M15_OOS.csv,0.1,3.3,32.99999999999999,440.5499999999999,0.0,440.5499999999999,3.2999999999999994,3.2999999999999994,5105.099999999998
1030,USDCAD,BUY,2025-05-12 00:15:00+00:00,2025-05-12 10:15:40+00:00,1.39145,1.39422,19.37,19.37,2.34.141,DEMO,OOS,0.0,0.1,0.1,DEMO_ACCOUNT,0.1,C:\Users\Leon\Desktop\QUANT\Data_Center\Data\2_Baseline\Trades\Backtest\DEMO_ACCOUNT\OOS\listOfTrades_USDCAD_30_2.34.141_BUY_M15_OOS.csv,0.1,3.3,32.99999999999999,639.2099999999999,0.0,639.2099999999999,3.2999999999999994,3.2999999999999994,5744.309999999998
1032,USDCAD,BUY,2025-05-13 06:15:00+00:00,2025-05-13 11:26:40+00:00,1.39725,1.39904,12.29,12.29,2.34.141,DEMO,OOS,0.0,0.1,0.1,DEMO_ACCOUNT,0.1,C:\Users\Leon\Desktop\QUANT\Data_Center\Data\2_Baseline\Trades\Backtest\DEMO_ACCOUNT\OOS\listOfTrades_USDCAD_30_2.34.141_BUY_M15_OOS.csv,0.1,3.3,32.99999999999999,405.5699999999999,0.0,405.5699999999999,3.2999999999999994,3.2999999999999994,6149.879999999997
1034,USDCAD,BUY,2025-05-14 06:45:00+00:00,2025-05-14 15:02:20+00:00,1.39209,1.39405,13.56,13.56,2.34.141,DEMO,OOS,0.0,0.1,0.1,DEMO_ACCOUNT,0.1,C:\Users\Leon\Desktop\QUANT\Data_Center\Data\2_Baseline\Trades\Backtest\DEMO_ACCOUNT\OOS\listOfTrades_USDCAD_30_2.34.141_BUY_M15_OOS.csv,0.1,3.3,32.99999999999999,447.4799999999999,0.0,447.4799999999999,3.2999999999999994,3.2999999999999994,6597.359999999997
1036,USDCAD,BUY,2025-05-16 00:15:00+00:00,2025-05-16 18:03:40+00:00,1.39621,1.39866,17.02,17.02,2.34.141,DEMO,OOS,0.0,0.1,0.1,DEMO_ACCOUNT,0.1,C:\Users\Leon\Desktop\QUANT\Data_Center\Data\2_Baseline\Trades\Backtest\DEMO_ACCOUNT\OOS\listOfTrades_USDCAD_30_2.34.141_BUY_M15_OOS.csv,0.1,3.3,32.99999999999999,561.6599999999999,0.0,561.6599999999999,3.2999999999999994,3.2999999999999994,7159.019999999997
1038,USDCAD,BUY,2025-05-20 00:15:30+00:00,2025-05-20 23:45:00+00:00,1.39505,1.39155,-25.65,-25.65,2.34.141,DEMO,OOS,0.0,0.1,0.1,DEMO_ACCOUNT,0.1,C:\Users\Leon\Desktop\QUANT\Data_Center\Data\2_Baseline\Trades\Backtest\DEMO_ACCOUNT\OOS\listOfTrades_USDCAD_30_2.34.141_BUY_M15_OOS.csv,0.1,3.3,32.99999999999999,-846.4499999999998,0.0,-846.4499999999998,3.2999999999999994,3.2999999999999994,6312.569999999997
1040,USDCAD,BUY,2025-05-21 12:00:00+00:00,2025-05-21 20:07:40+00:00,1.38943,1.38143,-58.41,-58.41,2.34.141,DEMO,OOS,0.0,0.1,0.1,DEMO_ACCOUNT,0.1,C:\Users\Leon\Desktop\QUANT\Data_Center\Data\2_Baseline\Trades\Backtest\DEMO_ACCOUNT\OOS\listOfTrades_USDCAD_30_2.34.141_BUY_M15_OOS.csv,0.1,3.3,32.99999999999999,-1927.5299999999995,0.0,-1927.5299999999995,3.2999999999999994,3.2999999999999994,4385.039999999997
1042,USDCAD,BUY,2025-05-23 04:15:00+00:00,2025-05-23 17:12:40+00:00,1.38456,1.37656,-58.62,-58.62,2.34.141,DEMO,OOS,0.0,0.1,0.1,DEMO_ACCOUNT,0.1,C:\Users\Leon\Desktop\QUANT\Data_Center\Data\2_Baseline\Trades\Backtest\DEMO_ACCOUNT\OOS\listOfTrades_USDCAD_30_2.34.141_BUY_M15_OOS.csv,0.1,3.3,32.99999999999999,-1934.4599999999996,0.0,-1934.4599999999996,3.2999999999999994,3.2999999999999994,2450.5799999999977
1044,USDCAD,BUY,2025-05-26 09:45:00+00:00,2025-05-26 10:32:40+00:00,1.36887,1.3711,15.76,15.76,2.34.141,DEMO,OOS,0.0,0.1,0.1,DEMO_ACCOUNT,0.1,C:\Users\Leon\Desktop\QUANT\Data_Center\Data\2_Baseline\Trades\Backtest\DEMO_ACCOUNT\OOS\listOfTrades_USDCAD_30_2.34.141_BUY_M15_OOS.csv,0.1,3.3,32.99999999999999,520.0799999999999,0.0,520.0799999999999,3.2999999999999994,3.2999999999999994,2970.6599999999976
1046,USDCAD,BUY,2025-05-29 07:45:00+00:00,2025-05-29 23:45:00+00:00,1.3843,1.38082,-25.7,-25.7,2.34.141,DEMO,OOS,0.0,0.1,0.1,DEMO_ACCOUNT,0.1,C:\Users\Leon\Desktop\QUANT\Data_Center\Data\2_Baseline\Trades\Backtest\DEMO_ACCOUNT\OOS\listOfTrades_USDCAD_30_2.34.141_BUY_M15_OOS.csv,0.1,3.3,32.99999999999999,-848.0999999999998,0.0,-848.0999999999998,3.2999999999999994,3.2999999999999994,2122.5599999999977
1048,USDCAD,BUY,2025-06-02 09:45:00+00:00,2025-06-02 23:45:00+00:00,1.37012,1.37125,7.74,7.74,2.34.141,DEMO,OOS,0.0,0.1,0.1,DEMO_ACCOUNT,0.1,C:\Users\Leon\Desktop\QUANT\Data_Center\Data\2_Baseline\Trades\Backtest\DEMO_ACCOUNT\OOS\listOfTrades_USDCAD_30_2.34.141_BUY_M15_OOS.csv,0.1,3.3,32.99999999999999,255.41999999999996,0.0,255.41999999999996,3.2999999999999994,3.2999999999999994,2377.9799999999977
1050,USDCAD,BUY,2025-06-04 04:45:00+00:00,2025-06-04 09:06:40+00:00,1.37107,1.37284,12.39,12.39,2.34.141,DEMO,OOS,0.0,0.1,0.1,DEMO_ACCOUNT,0.1,C:\Users\Leon\Desktop\QUANT\Data_Center\Data\2_Baseline\Trades\Backtest\DEMO_ACCOUNT\OOS\listOfTrades_USDCAD_30_2.34.141_BUY_M15_OOS.csv,0.1,3.3,32.99999999999999,408.86999999999995,0.0,408.86999999999995,3.2999999999999994,3.2999999999999994,2786.8499999999976
1052,USDCAD,BUY,2025-06-05 10:15:00+00:00,2025-06-05 23:45:00+00:00,1.36614,1.36721,7.33,7.33,2.34.141,DEMO,OOS,0.0,0.1,0.1,DEMO_ACCOUNT,0.1,C:\Users\Leon\Desktop\QUANT\Data_Center\Data\2_Baseline\Trades\Backtest\DEMO_ACCOUNT\OOS\listOfTrades_USDCAD_30_2.34.141_BUY_M15_OOS.csv,0.1,3.3,32.99999999999999,241.88999999999996,0.0,241.88999999999996,3.2999999999999994,3.2999999999999994,3028.7399999999975
1054,USDCAD,BUY,2025-06-06 03:00:00+00:00,2025-06-06 12:03:40+00:00,1.36679,1.36841,11.34,11.34,2.34.141,DEMO,OOS,0.0,0.1,0.1,DEMO_ACCOUNT,0.1,C:\Users\Leon\Desktop\QUANT\Data_Center\Data\2_Baseline\Trades\Backtest\DEMO_ACCOUNT\OOS\listOfTrades_USDCAD_30_2.34.141_BUY_M15_OOS.csv,0.1,3.3,32.99999999999999,374.2199999999999,0.0,374.2199999999999,3.2999999999999994,3.2999999999999994,3402.9599999999973
1056,USDCAD,BUY,2025-06-09 11:30:00+00:00,2025-06-09 16:06:40+00:00,1.3677,1.36917,10.24,10.24,2.34.141,DEMO,OOS,0.0,0.1,0.1,DEMO_ACCOUNT,0.1,C:\Users\Leon\Desktop\QUANT\Data_Center\Data\2_Baseline\Trades\Backtest\DEMO_ACCOUNT\OOS\listOfTrades_USDCAD_30_2.34.141_BUY_M15_OOS.csv,0.1,3.3,32.99999999999999,337.91999999999996,0.0,337.91999999999996,3.2999999999999994,3.2999999999999994,3740.8799999999974
1058,USDCAD,BUY,2025-06-11 19:30:00+00:00,2025-06-11 23:45:00+00:00,1.36646,1.36739,6.3,6.3,2.34.141,DEMO,OOS,0.0,0.1,0.1,DEMO_ACCOUNT,0.1,C:\Users\Leon\Desktop\QUANT\Data_Center\Data\2_Baseline\Trades\Backtest\DEMO_ACCOUNT\OOS\listOfTrades_USDCAD_30_2.34.141_BUY_M15_OOS.csv,0.1,3.3,32.99999999999999,207.89999999999995,0.0,207.89999999999995,3.2999999999999994,3.2999999999999994,3948.7799999999975
1060,USDCAD,BUY,2025-06-12 02:00:00+00:00,2025-06-12 23:45:00+00:00,1.3665,1.36011,-47.48,-47.48,2.34.141,DEMO,OOS,0.0,0.1,0.1,DEMO_ACCOUNT,0.1,C:\Users\Leon\Desktop\QUANT\Data_Center\Data\2_Baseline\Trades\Backtest\DEMO_ACCOUNT\OOS\listOfTrades_USDCAD_30_2.34.141_BUY_M15_OOS.csv,0.1,3.3,32.99999999999999,-1566.8399999999995,0.0,-1566.8399999999995,3.2999999999999994,3.2999999999999994,2381.939999999998
1062,USDCAD,BUY,2025-06-13 21:00:00+00:00,2025-06-13 23:45:00+00:00,1.35902,1.35889,-1.46,-1.46,2.34.141,DEMO,OOS,0.0,0.1,0.1,DEMO_ACCOUNT,0.1,C:\Users\Leon\Desktop\QUANT\Data_Center\Data\2_Baseline\Trades\Backtest\DEMO_ACCOUNT\OOS\listOfTrades_USDCAD_30_2.34.141_BUY_M15_OOS.csv,0.1,3.3,32.99999999999999,-48.179999999999986,0.0,-48.179999999999986,3.2999999999999994,3.2999999999999994,2333.759999999998
1064,USDCAD,BUY,2025-06-16 01:15:00+00:00,2025-06-16 23:45:00+00:00,1.35914,1.35684,-17.45,-17.45,2.34.141,DEMO,OOS,0.0,0.1,0.1,DEMO_ACCOUNT,0.1,C:\Users\Leon\Desktop\QUANT\Data_Center\Data\2_Baseline\Trades\Backtest\DEMO_ACCOUNT\OOS\listOfTrades_USDCAD_30_2.34.141_BUY_M15_OOS.csv,0.1,3.3,32.99999999999999,-575.8499999999999,0.0,-575.8499999999999,3.2999999999999994,3.2999999999999994,1757.909999999998
1066,USDCAD,BUY,2025-06-18 06:15:00+00:00,2025-06-18 18:10:40+00:00,1.3664,1.36901,18.56,18.56,2.34.141,DEMO,OOS,0.0,0.1,0.1,DEMO_ACCOUNT,0.1,C:\Users\Leon\Desktop\QUANT\Data_Center\Data\2_Baseline\Trades\Backtest\DEMO_ACCOUNT\OOS\listOfTrades_USDCAD_30_2.34.141_BUY_M15_OOS.csv,0.1,3.3,32.99999999999999,612.4799999999998,0.0,612.4799999999998,3.2999999999999994,3.2999999999999994,2370.3899999999976
1068,USDCAD,BUY,2025-06-20 04:30:00+00:00,2025-06-20 15:06:40+00:00,1.36953,1.37136,12.84,12.84,2.34.141,DEMO,OOS,0.0,0.1,0.1,DEMO_ACCOUNT,0.1,C:\Users\Leon\Desktop\QUANT\Data_Center\Data\2_Baseline\Trades\Backtest\DEMO_ACCOUNT\OOS\listOfTrades_USDCAD_30_2.34.141_BUY_M15_OOS.csv,0.1,3.3,32.99999999999999,423.7199999999999,0.0,423.7199999999999,3.2999999999999994,3.2999999999999994,2794.1099999999974
1070,USDCAD,BUY,2025-06-23 18:15:00+00:00,2025-06-23 18:58:40+00:00,1.37324,1.37654,23.47,23.47,2.34.141,DEMO,OOS,0.0,0.1,0.1,DEMO_ACCOUNT,0.1,C:\Users\Leon\Desktop\QUANT\Data_Center\Data\2_Baseline\Trades\Backtest\DEMO_ACCOUNT\OOS\listOfTrades_USDCAD_30_2.34.141_BUY_M15_OOS.csv,0.1,3.3,32.99999999999999,774.5099999999998,0.0,774.5099999999998,3.2999999999999994,3.2999999999999994,3568.619999999997
1072,USDCAD,BUY,2025-06-24 07:30:00+00:00,2025-06-24 23:45:00+00:00,1.37189,1.37238,3.07,3.07,2.34.141,DEMO,OOS,0.0,0.1,0.1,DEMO_ACCOUNT,0.1,C:\Users\Leon\Desktop\QUANT\Data_Center\Data\2_Baseline\Trades\Backtest\DEMO_ACCOUNT\OOS\listOfTrades_USDCAD_30_2.34.141_BUY_M15_OOS.csv,0.1,3.3,32.99999999999999,101.30999999999997,0.0,101.30999999999997,3.2999999999999994,3.2999999999999994,3669.929999999997
1074,USDCAD,BUY,2025-06-25 00:15:30+00:00,2025-06-25 18:24:40+00:00,1.37235,1.37493,18.26,18.26,2.34.141,DEMO,OOS,0.0,0.1,0.1,DEMO_ACCOUNT,0.1,C:\Users\Leon\Desktop\QUANT\Data_Center\Data\2_Baseline\Trades\Backtest\DEMO_ACCOUNT\OOS\listOfTrades_USDCAD_30_2.34.141_BUY_M15_OOS.csv,0.1,3.3,32.99999999999999,602.5799999999999,0.0,602.5799999999999,3.2999999999999994,3.2999999999999994,4272.509999999997
1076,USDCAD,BUY,2025-06-27 10:00:00+00:00,2025-06-27 12:31:40+00:00,1.36311,1.36481,11.96,11.96,2.34.141,DEMO,OOS,0.0,0.1,0.1,DEMO_ACCOUNT,0.1,C:\Users\Leon\Desktop\QUANT\Data_Center\Data\2_Baseline\Trades\Backtest\DEMO_ACCOUNT\OOS\listOfTrades_USDCAD_30_2.34.141_BUY_M15_OOS.csv,0.1,3.3,32.99999999999999,394.67999999999995,0.0,394.67999999999995,3.2999999999999994,3.2999999999999994,4667.189999999997
1078,USDCAD,BUY,2025-06-30 10:00:00+00:00,2025-06-30 13:03:40+00:00,1.36557,1.36815,18.36,18.36,2.34.141,DEMO,OOS,0.0,0.1,0.1,DEMO_ACCOUNT,0.1,C:\Users\Leon\Desktop\QUANT\Data_Center\Data\2_Baseline\Trades\Backtest\DEMO_ACCOUNT\OOS\listOfTrades_USDCAD_30_2.34.141_BUY_M15_OOS.csv,0.1,3.3,32.99999999999999,605.8799999999999,0.0,605.8799999999999,3.2999999999999994,3.2999999999999994,5273.069999999997
1080,USDCAD,BUY,2025-07-01 11:00:00+00:00,2025-07-01 15:23:40+00:00,1.35995,1.36163,11.84,11.84,2.34.141,DEMO,OOS,0.0,0.1,0.1,DEMO_ACCOUNT,0.1,C:\Users\Leon\Desktop\QUANT\Data_Center\Data\2_Baseline\Trades\Backtest\DEMO_ACCOUNT\OOS\listOfTrades_USDCAD_30_2.34.141_BUY_M15_OOS.csv,0.1,3.3,32.99999999999999,390.7199999999999,0.0,390.7199999999999,3.2999999999999994,3.2999999999999994,5663.789999999997
1082,USDCAD,BUY,2025-07-02 15:30:00+00:00,2025-07-02 15:41:40+00:00,1.3634,1.36546,14.59,14.59,2.34.141,DEMO,OOS,0.0,0.1,0.1,DEMO_ACCOUNT,0.1,C:\Users\Leon\Desktop\QUANT\Data_Center\Data\2_Baseline\Trades\Backtest\DEMO_ACCOUNT\OOS\listOfTrades_USDCAD_30_2.34.141_BUY_M15_OOS.csv,0.1,3.3,32.99999999999999,481.4699999999999,0.0,481.4699999999999,3.2999999999999994,3.2999999999999994,6145.2599999999975
1084,USDCAD,BUY,2025-07-03 14:30:00+00:00,2025-07-03 15:30:40+00:00,1.35795,1.35951,10.97,10.97,2.34.141,DEMO,OOS,0.0,0.1,0.1,DEMO_ACCOUNT,0.1,C:\Users\Leon\Desktop\QUANT\Data_Center\Data\2_Baseline\Trades\Backtest\DEMO_ACCOUNT\OOS\listOfTrades_USDCAD_30_2.34.141_BUY_M15_OOS.csv,0.1,3.3,32.99999999999999,362.00999999999993,0.0,362.00999999999993,3.2999999999999994,3.2999999999999994,6507.269999999998
1086,USDCAD,BUY,2025-07-04 02:45:00+00:00,2025-07-04 11:00:40+00:00,1.35761,1.35944,12.96,12.96,2.34.141,DEMO,OOS,0.0,0.1,0.1,DEMO_ACCOUNT,0.1,C:\Users\Leon\Desktop\QUANT\Data_Center\Data\2_Baseline\Trades\Backtest\DEMO_ACCOUNT\OOS\listOfTrades_USDCAD_30_2.34.141_BUY_M15_OOS.csv,0.1,3.3,32.99999999999999,427.67999999999995,0.0,427.67999999999995,3.2999999999999994,3.2999999999999994,6934.949999999998
1088,USDCAD,BUY,2025-07-08 10:30:00+00:00,2025-07-08 16:23:40+00:00,1.36457,1.36655,13.99,13.99,2.34.141,DEMO,OOS,0.0,0.1,0.1,DEMO_ACCOUNT,0.1,C:\Users\Leon\Desktop\QUANT\Data_Center\Data\2_Baseline\Trades\Backtest\DEMO_ACCOUNT\OOS\listOfTrades_USDCAD_30_2.34.141_BUY_M15_OOS.csv,0.1,3.3,32.99999999999999,461.6699999999999,0.0,461.6699999999999,3.2999999999999994,3.2999999999999994,7396.619999999998
1090,USDCAD,BUY,2025-07-18 21:00:00+00:00,2025-07-18 23:45:00+00:00,1.37265,1.37276,0.3,0.3,2.34.141,DEMO,OOS,0.0,0.1,0.1,DEMO_ACCOUNT,0.1,C:\Users\Leon\Desktop\QUANT\Data_Center\Data\2_Baseline\Trades\Backtest\DEMO_ACCOUNT\OOS\listOfTrades_USDCAD_30_2.34.141_BUY_M15_OOS.csv,0.1,3.3,32.99999999999999,9.899999999999997,0.0,9.899999999999997,3.2999999999999994,3.2999999999999994,7406.519999999998
1092,USDCAD,BUY,2025-07-22 13:15:00+00:00,2025-07-22 23:45:00+00:00,1.36745,1.36045,-51.95,-51.95,2.34.141,DEMO,OOS,0.0,0.1,0.1,DEMO_ACCOUNT,0.1,C:\Users\Leon\Desktop\QUANT\Data_Center\Data\2_Baseline\Trades\Backtest\DEMO_ACCOUNT\OOS\listOfTrades_USDCAD_30_2.34.141_BUY_M15_OOS.csv,0.1,3.3,32.99999999999999,-1714.3499999999997,0.0,-1714.3499999999997,3.2999999999999994,3.2999999999999994,5692.169999999998
1094,USDCAD,BUY,2025-07-23 10:30:00+00:00,2025-07-23 16:33:40+00:00,1.35921,1.36085,11.55,11.55,2.34.141,DEMO,OOS,0.0,0.1,0.1,DEMO_ACCOUNT,0.1,C:\Users\Leon\Desktop\QUANT\Data_Center\Data\2_Baseline\Trades\Backtest\DEMO_ACCOUNT\OOS\listOfTrades_USDCAD_30_2.34.141_BUY_M15_OOS.csv,0.1,3.3,32.99999999999999,381.1499999999999,0.0,381.1499999999999,3.2999999999999994,3.2999999999999994,6073.319999999998
1096,USDCAD,BUY,2025-07-24 00:15:00+00:00,2025-07-24 14:09:40+00:00,1.35988,1.36204,15.36,15.36,2.34.141,DEMO,OOS,0.0,0.1,0.1,DEMO_ACCOUNT,0.1,C:\Users\Leon\Desktop\QUANT\Data_Center\Data\2_Baseline\Trades\Backtest\DEMO_ACCOUNT\OOS\listOfTrades_USDCAD_30_2.34.141_BUY_M15_OOS.csv,0.1,3.3,32.99999999999999,506.8799999999999,0.0,506.8799999999999,3.2999999999999994,3.2999999999999994,6580.199999999998
1098,USDCAD,BUY,2025-07-31 08:00:00+00:00,2025-07-31 10:45:20+00:00,1.38167,1.38372,14.32,14.32,2.34.141,DEMO,OOS,0.0,0.1,0.1,DEMO_ACCOUNT,0.1,C:\Users\Leon\Desktop\QUANT\Data_Center\Data\2_Baseline\Trades\Backtest\DEMO_ACCOUNT\OOS\listOfTrades_USDCAD_30_2.34.141_BUY_M15_OOS.csv,0.1,3.3,32.99999999999999,472.5599999999999,0.0,472.5599999999999,3.2999999999999994,3.2999999999999994,7052.7599999999975
1100,USDCAD,BUY,2025-08-01 15:45:00+00:00,2025-08-01 23:45:00+00:00,1.38142,1.37837,-22.63,-22.63,2.34.141,DEMO,OOS,0.0,0.1,0.1,DEMO_ACCOUNT,0.1,C:\Users\Leon\Desktop\QUANT\Data_Center\Data\2_Baseline\Trades\Backtest\DEMO_ACCOUNT\OOS\listOfTrades_USDCAD_30_2.34.141_BUY_M15_OOS.csv,0.1,3.3,32.99999999999999,-746.7899999999998,0.0,-746.7899999999998,3.2999999999999994,3.2999999999999994,6305.9699999999975
1102,USDCAD,BUY,2025-08-04 07:30:00+00:00,2025-08-04 23:45:00+00:00,1.37723,1.37773,3.13,3.13,2.34.141,DEMO,OOS,0.0,0.1,0.1,DEMO_ACCOUNT,0.1,C:\Users\Leon\Desktop\QUANT\Data_Center\Data\2_Baseline\Trades\Backtest\DEMO_ACCOUNT\OOS\listOfTrades_USDCAD_30_2.34.141_BUY_M15_OOS.csv,0.1,3.3,32.99999999999999,103.28999999999998,0.0,103.28999999999998,3.2999999999999994,3.2999999999999994,6409.2599999999975
1104,USDCAD,BUY,2025-08-05 02:15:00+00:00,2025-08-05 06:21:40+00:00,1.377,1.37869,11.76,11.76,2.34.141,DEMO,OOS,0.0,0.1,0.1,DEMO_ACCOUNT,0.1,C:\Users\Leon\Desktop\QUANT\Data_Center\Data\2_Baseline\Trades\Backtest\DEMO_ACCOUNT\OOS\listOfTrades_USDCAD_30_2.34.141_BUY_M15_OOS.csv,0.1,3.3,32.99999999999999,388.0799999999999,0.0,388.0799999999999,3.2999999999999994,3.2999999999999994,6797.339999999997
1106,USDCAD,BUY,2025-08-06 09:45:00+00:00,2025-08-06 23:45:00+00:00,1.37658,1.37414,-18.26,-18.26,2.34.141,DEMO,OOS,0.0,0.1,0.1,DEMO_ACCOUNT,0.1,C:\Users\Leon\Desktop\QUANT\Data_Center\Data\2_Baseline\Trades\Backtest\DEMO_ACCOUNT\OOS\listOfTrades_USDCAD_30_2.34.141_BUY_M15_OOS.csv,0.1,3.3,32.99999999999999,-602.5799999999999,0.0,-602.5799999999999,3.2999999999999994,3.2999999999999994,6194.7599999999975
1108,USDCAD,BUY,2025-08-07 07:15:00+00:00,2025-08-07 16:46:40+00:00,1.37331,1.3747,9.61,9.61,2.34.141,DEMO,OOS,0.0,0.1,0.1,DEMO_ACCOUNT,0.1,C:\Users\Leon\Desktop\QUANT\Data_Center\Data\2_Baseline\Trades\Backtest\DEMO_ACCOUNT\OOS\listOfTrades_USDCAD_30_2.34.141_BUY_M15_OOS.csv,0.1,3.3,32.99999999999999,317.12999999999994,0.0,317.12999999999994,3.2999999999999994,3.2999999999999994,6511.889999999998
1110,USDCAD,BUY,2025-08-08 03:00:00+00:00,2025-08-08 15:30:40+00:00,1.37334,1.37511,12.37,12.37,2.34.141,DEMO,OOS,0.0,0.1,0.1,DEMO_ACCOUNT,0.1,C:\Users\Leon\Desktop\QUANT\Data_Center\Data\2_Baseline\Trades\Backtest\DEMO_ACCOUNT\OOS\listOfTrades_USDCAD_30_2.34.141_BUY_M15_OOS.csv,0.1,3.3,32.99999999999999,408.20999999999987,0.0,408.20999999999987,3.2999999999999994,3.2999999999999994,6920.099999999998
1112,USDCAD,BUY,2025-08-11 06:15:00+00:00,2025-08-11 10:01:40+00:00,1.37484,1.37616,9.09,9.09,2.34.141,DEMO,OOS,0.0,0.1,0.1,DEMO_ACCOUNT,0.1,C:\Users\Leon\Desktop\QUANT\Data_Center\Data\2_Baseline\Trades\Backtest\DEMO_ACCOUNT\OOS\listOfTrades_USDCAD_30_2.34.141_BUY_M15_OOS.csv,0.1,3.3,32.99999999999999,299.9699999999999,0.0,299.9699999999999,3.2999999999999994,3.2999999999999994,7220.069999999998
1114,USDCAD,BUY,2025-08-13 00:15:30+00:00,2025-08-13 23:45:00+00:00,1.37755,1.37599,-11.84,-11.84,2.34.141,DEMO,OOS,0.0,0.1,0.1,DEMO_ACCOUNT,0.1,C:\Users\Leon\Desktop\QUANT\Data_Center\Data\2_Baseline\Trades\Backtest\DEMO_ACCOUNT\OOS\listOfTrades_USDCAD_30_2.34.141_BUY_M15_OOS.csv,0.1,3.3,32.99999999999999,-390.7199999999999,0.0,-390.7199999999999,3.2999999999999994,3.2999999999999994,6829.349999999998
1116,USDCAD,BUY,2025-08-15 06:15:00+00:00,2025-08-15 23:45:00+00:00,1.38069,1.38117,2.98,2.98,2.34.141,DEMO,OOS,0.0,0.1,0.1,DEMO_ACCOUNT,0.1,C:\Users\Leon\Desktop\QUANT\Data_Center\Data\2_Baseline\Trades\Backtest\DEMO_ACCOUNT\OOS\listOfTrades_USDCAD_30_2.34.141_BUY_M15_OOS.csv,0.1,3.3,32.99999999999999,98.33999999999997,0.0,98.33999999999997,3.2999999999999994,3.2999999999999994,6927.689999999998
1118,USDCAD,BUY,2025-08-18 03:30:00+00:00,2025-08-18 17:38:40+00:00,1.38064,1.38202,9.49,9.49,2.34.141,DEMO,OOS,0.0,0.1,0.1,DEMO_ACCOUNT,0.1,C:\Users\Leon\Desktop\QUANT\Data_Center\Data\2_Baseline\Trades\Backtest\DEMO_ACCOUNT\OOS\listOfTrades_USDCAD_30_2.34.141_BUY_M15_OOS.csv,0.1,3.3,32.99999999999999,313.16999999999996,0.0,313.16999999999996,3.2999999999999994,3.2999999999999994,7240.859999999998
1120,USDCAD,BUY,2025-08-20 15:15:00+00:00,2025-08-20 23:45:00+00:00,1.3865,1.38762,7.57,7.57,2.34.141,DEMO,OOS,0.0,0.1,0.1,DEMO_ACCOUNT,0.1,C:\Users\Leon\Desktop\QUANT\Data_Center\Data\2_Baseline\Trades\Backtest\DEMO_ACCOUNT\OOS\listOfTrades_USDCAD_30_2.34.141_BUY_M15_OOS.csv,0.1,3.3,32.99999999999999,249.80999999999995,0.0,249.80999999999995,3.2999999999999994,3.2999999999999994,7490.669999999998
1122,USDCAD,BUY,2025-08-22 17:15:00+00:00,2025-08-22 23:45:00+00:00,1.38619,1.38179,-32.34,-32.34,2.34.141,DEMO,OOS,0.0,0.1,0.1,DEMO_ACCOUNT,0.1,C:\Users\Leon\Desktop\QUANT\Data_Center\Data\2_Baseline\Trades\Backtest\DEMO_ACCOUNT\OOS\listOfTrades_USDCAD_30_2.34.141_BUY_M15_OOS.csv,0.1,3.3,32.99999999999999,-1067.2199999999998,0.0,-1067.2199999999998,3.2999999999999994,3.2999999999999994,6423.449999999999
1124,USDCAD,BUY,2025-08-25 09:15:00+00:00,2025-08-25 20:57:40+00:00,1.38274,1.38426,10.48,10.48,2.34.141,DEMO,OOS,0.0,0.1,0.1,DEMO_ACCOUNT,0.1,C:\Users\Leon\Desktop\QUANT\Data_Center\Data\2_Baseline\Trades\Backtest\DEMO_ACCOUNT\OOS\listOfTrades_USDCAD_30_2.34.141_BUY_M15_OOS.csv,0.1,3.3,32.99999999999999,345.8399999999999,0.0,345.8399999999999,3.2999999999999994,3.2999999999999994,6769.289999999999
1126,USDCAD,BUY,2025-08-28 12:15:00+00:00,2025-08-28 23:45:00+00:00,1.3772,1.37505,-16.14,-16.14,2.34.141,DEMO,OOS,0.0,0.1,0.1,DEMO_ACCOUNT,0.1,C:\Users\Leon\Desktop\QUANT\Data_Center\Data\2_Baseline\Trades\Backtest\DEMO_ACCOUNT\OOS\listOfTrades_USDCAD_30_2.34.141_BUY_M15_OOS.csv,0.1,3.3,32.99999999999999,-532.6199999999999,0.0,-532.6199999999999,3.2999999999999994,3.2999999999999994,6236.669999999999
1128,USDCAD,BUY,2025-08-29 11:00:00+00:00,2025-08-29 12:36:40+00:00,1.37412,1.3755,9.53,9.53,2.34.141,DEMO,OOS,0.0,0.1,0.1,DEMO_ACCOUNT,0.1,C:\Users\Leon\Desktop\QUANT\Data_Center\Data\2_Baseline\Trades\Backtest\DEMO_ACCOUNT\OOS\listOfTrades_USDCAD_30_2.34.141_BUY_M15_OOS.csv,0.1,3.3,32.99999999999999,314.4899999999999,0.0,314.4899999999999,3.2999999999999994,3.2999999999999994,6551.159999999999
1130,USDCAD,BUY,2025-09-05 09:00:00+00:00,2025-09-05 15:41:40+00:00,1.38023,1.38128,7.1,7.1,2.34.141,DEMO,OOS,0.0,0.1,0.1,DEMO_ACCOUNT,0.1,C:\Users\Leon\Desktop\QUANT\Data_Center\Data\2_Baseline\Trades\Backtest\DEMO_ACCOUNT\OOS\listOfTrades_USDCAD_30_2.34.141_BUY_M15_OOS.csv,0.1,3.3,32.99999999999999,234.29999999999993,0.0,234.29999999999993,3.2999999999999994,3.2999999999999994,6785.459999999999
1132,USDCAD,BUY,2025-09-08 20:00:00+00:00,2025-09-08 23:45:00+00:00,1.38262,1.38046,-16.15,-16.15,2.34.141,DEMO,OOS,0.0,0.1,0.1,DEMO_ACCOUNT,0.1,C:\Users\Leon\Desktop\QUANT\Data_Center\Data\2_Baseline\Trades\Backtest\DEMO_ACCOUNT\OOS\listOfTrades_USDCAD_30_2.34.141_BUY_M15_OOS.csv,0.1,3.3,32.99999999999999,-532.9499999999998,0.0,-532.9499999999998,3.2999999999999994,3.2999999999999994,6252.509999999999
1134,USDCAD,BUY,2025-09-09 09:15:00+00:00,2025-09-09 10:43:40+00:00,1.37942,1.3807,8.77,8.77,2.34.141,DEMO,OOS,0.0,0.1,0.1,DEMO_ACCOUNT,0.1,C:\Users\Leon\Desktop\QUANT\Data_Center\Data\2_Baseline\Trades\Backtest\DEMO_ACCOUNT\OOS\listOfTrades_USDCAD_30_2.34.141_BUY_M15_OOS.csv,0.1,3.3,32.99999999999999,289.4099999999999,0.0,289.4099999999999,3.2999999999999994,3.2999999999999994,6541.919999999999
1136,USDCAD,BUY,2025-09-10 08:00:00+00:00,2025-09-10 10:01:00+00:00,1.38425,1.38568,9.82,9.82,2.34.141,DEMO,OOS,0.0,0.1,0.1,DEMO_ACCOUNT,0.1,C:\Users\Leon\Desktop\QUANT\Data_Center\Data\2_Baseline\Trades\Backtest\DEMO_ACCOUNT\OOS\listOfTrades_USDCAD_30_2.34.141_BUY_M15_OOS.csv,0.1,3.3,32.99999999999999,324.05999999999995,0.0,324.05999999999995,3.2999999999999994,3.2999999999999994,6865.98
1138,USDCAD,BUY,2025-09-11 16:00:00+00:00,2025-09-11 23:45:00+00:00,1.38581,1.38303,-20.6,-20.6,2.34.141,DEMO,OOS,0.0,0.1,0.1,DEMO_ACCOUNT,0.1,C:\Users\Leon\Desktop\QUANT\Data_Center\Data\2_Baseline\Trades\Backtest\DEMO_ACCOUNT\OOS\listOfTrades_USDCAD_30_2.34.141_BUY_M15_OOS.csv,0.1,3.3,32.99999999999999,-679.8,0.0,-679.8,3.2999999999999994,3.2999999999999994,6186.179999999999
1140,USDCAD,BUY,2025-09-16 06:30:00+00:00,2025-09-16 23:45:00+00:00,1.37695,1.37349,-25.69,-25.69,2.34.141,DEMO,OOS,0.0,0.1,0.1,DEMO_ACCOUNT,0.1,C:\Users\Leon\Desktop\QUANT\Data_Center\Data\2_Baseline\Trades\Backtest\DEMO_ACCOUNT\OOS\listOfTrades_USDCAD_30_2.34.141_BUY_M15_OOS.csv,0.1,3.3,32.99999999999999,-847.7699999999999,0.0,-847.7699999999999,3.2999999999999994,3.2999999999999994,5338.41
1142,USDCAD,BUY,2025-09-17 21:30:00+00:00,2025-09-17 21:42:40+00:00,1.37378,1.37636,18.25,18.25,2.34.141,DEMO,OOS,0.0,0.1,0.1,DEMO_ACCOUNT,0.1,C:\Users\Leon\Desktop\QUANT\Data_Center\Data\2_Baseline\Trades\Backtest\DEMO_ACCOUNT\OOS\listOfTrades_USDCAD_30_2.34.141_BUY_M15_OOS.csv,0.1,3.3,32.99999999999999,602.2499999999999,0.0,602.2499999999999,3.2999999999999994,3.2999999999999994,5940.66
1144,USDCAD,BUY,2025-09-19 17:45:00+00:00,2025-09-19 23:45:00+00:00,1.37897,1.37865,-2.82,-2.82,2.34.141,DEMO,OOS,0.0,0.1,0.1,DEMO_ACCOUNT,0.1,C:\Users\Leon\Desktop\QUANT\Data_Center\Data\2_Baseline\Trades\Backtest\DEMO_ACCOUNT\OOS\listOfTrades_USDCAD_30_2.34.141_BUY_M15_OOS.csv,0.1,3.3,32.99999999999999,-93.05999999999997,0.0,-93.05999999999997,3.2999999999999994,3.2999999999999994,5847.599999999999
1146,USDCAD,BUY,2025-09-23 15:45:00+00:00,2025-09-23 17:23:20+00:00,1.38189,1.38353,11.35,11.35,2.34.141,DEMO,OOS,0.0,0.1,0.1,DEMO_ACCOUNT,0.1,C:\Users\Leon\Desktop\QUANT\Data_Center\Data\2_Baseline\Trades\Backtest\DEMO_ACCOUNT\OOS\listOfTrades_USDCAD_30_2.34.141_BUY_M15_OOS.csv,0.1,3.3,32.99999999999999,374.5499999999999,0.0,374.5499999999999,3.2999999999999994,3.2999999999999994,6222.15
1148,USDCAD,BUY,2025-09-25 06:30:00+00:00,2025-09-25 09:46:40+00:00,1.38869,1.38985,7.85,7.85,2.34.141,DEMO,OOS,0.0,0.1,0.1,DEMO_ACCOUNT,0.1,C:\Users\Leon\Desktop\QUANT\Data_Center\Data\2_Baseline\Trades\Backtest\DEMO_ACCOUNT\OOS\listOfTrades_USDCAD_30_2.34.141_BUY_M15_OOS.csv,0.1,3.3,32.99999999999999,259.04999999999995,0.0,259.04999999999995,3.2999999999999994,3.2999999999999994,6481.2
1150,USDCAD,BUY,2025-09-26 08:00:00+00:00,2025-09-26 10:51:40+00:00,1.39357,1.39479,8.25,8.25,2.34.141,DEMO,OOS,0.0,0.1,0.1,DEMO_ACCOUNT,0.1,C:\Users\Leon\Desktop\QUANT\Data_Center\Data\2_Baseline\Trades\Backtest\DEMO_ACCOUNT\OOS\listOfTrades_USDCAD_30_2.34.141_BUY_M15_OOS.csv,0.1,3.3,32.99999999999999,272.24999999999994,0.0,272.24999999999994,3.2999999999999994,3.2999999999999994,6753.45
1152,USDCAD,BUY,2025-09-29 00:15:00+00:00,2025-09-29 23:45:00+00:00,1.3939,1.39177,-15.8,-15.8,2.34.141,DEMO,OOS,0.0,0.1,0.1,DEMO_ACCOUNT,0.1,C:\Users\Leon\Desktop\QUANT\Data_Center\Data\2_Baseline\Trades\Backtest\DEMO_ACCOUNT\OOS\listOfTrades_USDCAD_30_2.34.141_BUY_M15_OOS.csv,0.1,3.3,32.99999999999999,-521.3999999999999,0.0,-521.3999999999999,3.2999999999999994,3.2999999999999994,6232.05
1154,USDCAD,BUY,2025-10-03 09:45:00+00:00,2025-10-03 23:45:00+00:00,1.39606,1.3959,-1.65,-1.65,2.34.141,DEMO,OOS,0.0,0.1,0.1,DEMO_ACCOUNT,0.1,C:\Users\Leon\Desktop\QUANT\Data_Center\Data\2_Baseline\Trades\Backtest\DEMO_ACCOUNT\OOS\listOfTrades_USDCAD_30_2.34.141_BUY_M15_OOS.csv,0.1,3.3,32.99999999999999,-54.44999999999999,0.0,-54.44999999999999,3.2999999999999994,3.2999999999999994,6177.6
1156,USDCAD,BUY,2025-10-10 09:00:00+00:00,2025-10-10 09:39:40+00:00,1.40138,1.40256,7.91,7.91,2.34.141,DEMO,OOS,0.0,0.1,0.1,DEMO_ACCOUNT,0.1,C:\Users\Leon\Desktop\QUANT\Data_Center\Data\2_Baseline\Trades\Backtest\DEMO_ACCOUNT\OOS\listOfTrades_USDCAD_30_2.34.141_BUY_M15_OOS.csv,0.1,3.3,32.99999999999999,261.03,0.0,261.03,3.2999999999999994,3.2999999999999994,6438.63
1158,USDCAD,BUY,2025-10-14 17:45:00+00:00,2025-10-14 18:40:40+00:00,1.40321,1.40547,15.58,15.58,2.34.141,DEMO,OOS,0.0,0.1,0.1,DEMO_ACCOUNT,0.1,C:\Users\Leon\Desktop\QUANT\Data_Center\Data\2_Baseline\Trades\Backtest\DEMO_ACCOUNT\OOS\listOfTrades_USDCAD_30_2.34.141_BUY_M15_OOS.csv,0.1,3.3,32.99999999999999,514.1399999999999,0.0,514.1399999999999,3.2999999999999994,3.2999999999999994,6952.77
1160,USDCAD,BUY,2025-10-21 15:45:00+00:00,2025-10-21 23:45:00+00:00,1.40274,1.40193,-6.28,-6.28,2.34.141,DEMO,OOS,0.0,0.1,0.1,DEMO_ACCOUNT,0.1,C:\Users\Leon\Desktop\QUANT\Data_Center\Data\2_Baseline\Trades\Backtest\DEMO_ACCOUNT\OOS\listOfTrades_USDCAD_30_2.34.141_BUY_M15_OOS.csv,0.1,3.3,32.99999999999999,-207.23999999999995,0.0,-207.23999999999995,3.2999999999999994,3.2999999999999994,6745.530000000001
1162,USDCAD,BUY,2025-10-22 07:15:00+00:00,2025-10-22 12:17:40+00:00,1.40027,1.40147,8.06,8.06,2.34.141,DEMO,OOS,0.0,0.1,0.1,DEMO_ACCOUNT,0.1,C:\Users\Leon\Desktop\QUANT\Data_Center\Data\2_Baseline\Trades\Backtest\DEMO_ACCOUNT\OOS\listOfTrades_USDCAD_30_2.34.141_BUY_M15_OOS.csv,0.1,3.3,32.99999999999999,265.97999999999996,0.0,265.97999999999996,3.2999999999999994,3.2999999999999994,7011.51
1164,USDCAD,BUY,2025-10-23 06:00:00+00:00,2025-10-23 23:45:00+00:00,1.40034,1.39896,-10.36,-10.36,2.34.141,DEMO,OOS,0.0,0.1,0.1,DEMO_ACCOUNT,0.1,C:\Users\Leon\Desktop\QUANT\Data_Center\Data\2_Baseline\Trades\Backtest\DEMO_ACCOUNT\OOS\listOfTrades_USDCAD_30_2.34.141_BUY_M15_OOS.csv,0.1,3.3,32.99999999999999,-341.8799999999999,0.0,-341.8799999999999,3.2999999999999994,3.2999999999999994,6669.63
1166,USDCAD,BUY,2025-10-24 01:30:00+00:00,2025-10-24 05:39:40+00:00,1.39838,1.39984,9.93,9.93,2.34.141,DEMO,OOS,0.0,0.1,0.1,DEMO_ACCOUNT,0.1,C:\Users\Leon\Desktop\QUANT\Data_Center\Data\2_Baseline\Trades\Backtest\DEMO_ACCOUNT\OOS\listOfTrades_USDCAD_30_2.34.141_BUY_M15_OOS.csv,0.1,3.3,32.99999999999999,327.68999999999994,0.0,327.68999999999994,3.2999999999999994,3.2999999999999994,6997.32
1168,USDCAD,BUY,2025-10-27 04:30:00+00:00,2025-10-27 16:47:40+00:00,1.39798,1.39961,11.15,11.15,2.34.141,DEMO,OOS,0.0,0.1,0.1,DEMO_ACCOUNT,0.1,C:\Users\Leon\Desktop\QUANT\Data_Center\Data\2_Baseline\Trades\Backtest\DEMO_ACCOUNT\OOS\listOfTrades_USDCAD_30_2.34.141_BUY_M15_OOS.csv,0.1,3.3,32.99999999999999,367.94999999999993,0.0,367.94999999999993,3.2999999999999994,3.2999999999999994,7365.2699999999995
1170,USDCAD,BUY,2025-10-29 10:30:00+00:00,2025-10-29 11:39:40+00:00,1.39286,1.39415,8.75,8.75,2.34.141,DEMO,OOS,0.0,0.1,0.1,DEMO_ACCOUNT,0.1,C:\Users\Leon\Desktop\QUANT\Data_Center\Data\2_Baseline\Trades\Backtest\DEMO_ACCOUNT\OOS\listOfTrades_USDCAD_30_2.34.141_BUY_M15_OOS.csv,0.1,3.3,32.99999999999999,288.74999999999994,0.0,288.74999999999994,3.2999999999999994,3.2999999999999994,7654.0199999999995
1172,USDCAD,BUY,2025-11-03 06:15:00+00:00,2025-11-03 10:26:20+00:00,1.40108,1.40253,9.84,9.84,2.34.141,DEMO,OOS,0.0,0.1,0.1,DEMO_ACCOUNT,0.1,C:\Users\Leon\Desktop\QUANT\Data_Center\Data\2_Baseline\Trades\Backtest\DEMO_ACCOUNT\OOS\listOfTrades_USDCAD_30_2.34.141_BUY_M15_OOS.csv,0.1,3.3,32.99999999999999,324.7199999999999,0.0,324.7199999999999,3.2999999999999994,3.2999999999999994,7978.74
1174,USDCAD,BUY,2025-11-04 10:00:00+00:00,2025-11-04 12:00:40+00:00,1.40573,1.40717,9.73,9.73,2.34.141,DEMO,OOS,0.0,0.1,0.1,DEMO_ACCOUNT,0.1,C:\Users\Leon\Desktop\QUANT\Data_Center\Data\2_Baseline\Trades\Backtest\DEMO_ACCOUNT\OOS\listOfTrades_USDCAD_30_2.34.141_BUY_M15_OOS.csv,0.1,3.3,32.99999999999999,321.0899999999999,0.0,321.0899999999999,3.2999999999999994,3.2999999999999994,8299.83
1176,USDCAD,BUY,2025-11-06 02:00:00+00:00,2025-11-06 16:41:40+00:00,1.4103,1.41168,9.28,9.28,2.34.141,DEMO,OOS,0.0,0.1,0.1,DEMO_ACCOUNT,0.1,C:\Users\Leon\Desktop\QUANT\Data_Center\Data\2_Baseline\Trades\Backtest\DEMO_ACCOUNT\OOS\listOfTrades_USDCAD_30_2.34.141_BUY_M15_OOS.csv,0.1,3.3,32.99999999999999,306.2399999999999,0.0,306.2399999999999,3.2999999999999994,3.2999999999999994,8606.07
1178,USDCAD,BUY,2025-11-10 07:30:00+00:00,2025-11-10 23:45:00+00:00,1.40235,1.40191,-3.64,-3.64,2.34.141,DEMO,OOS,0.0,0.1,0.1,DEMO_ACCOUNT,0.1,C:\Users\Leon\Desktop\QUANT\Data_Center\Data\2_Baseline\Trades\Backtest\DEMO_ACCOUNT\OOS\listOfTrades_USDCAD_30_2.34.141_BUY_M15_OOS.csv,0.1,3.3,32.99999999999999,-120.11999999999998,0.0,-120.11999999999998,3.2999999999999994,3.2999999999999994,8485.949999999999
1180,USDCAD,BUY,2025-11-11 14:15:00+00:00,2025-11-11 23:45:00+00:00,1.40242,1.4013,-8.49,-8.49,2.34.141,DEMO,OOS,0.0,0.1,0.1,DEMO_ACCOUNT,0.1,C:\Users\Leon\Desktop\QUANT\Data_Center\Data\2_Baseline\Trades\Backtest\DEMO_ACCOUNT\OOS\listOfTrades_USDCAD_30_2.34.141_BUY_M15_OOS.csv,0.1,3.3,32.99999999999999,-280.16999999999996,0.0,-280.16999999999996,3.2999999999999994,3.2999999999999994,8205.779999999999
1182,USDCAD,BUY,2025-11-18 10:15:00+00:00,2025-11-18 23:45:00+00:00,1.40381,1.39883,-36.1,-36.1,2.34.141,DEMO,OOS,0.0,0.1,0.1,DEMO_ACCOUNT,0.1,C:\Users\Leon\Desktop\QUANT\Data_Center\Data\2_Baseline\Trades\Backtest\DEMO_ACCOUNT\OOS\listOfTrades_USDCAD_30_2.34.141_BUY_M15_OOS.csv,0.1,3.3,32.99999999999999,-1191.2999999999997,0.0,-1191.2999999999997,3.2999999999999994,3.2999999999999994,7014.48
1184,USDCAD,BUY,2025-11-20 15:45:00+00:00,2025-11-20 17:15:00+00:00,1.40461,1.40644,12.51,12.51,2.34.141,DEMO,OOS,0.0,0.1,0.1,DEMO_ACCOUNT,0.1,C:\Users\Leon\Desktop\QUANT\Data_Center\Data\2_Baseline\Trades\Backtest\DEMO_ACCOUNT\OOS\listOfTrades_USDCAD_30_2.34.141_BUY_M15_OOS.csv,0.1,3.3,32.99999999999999,412.8299999999999,0.0,412.8299999999999,3.2999999999999994,3.2999999999999994,7427.3099999999995
1186,USDCAD,BUY,2025-11-24 07:30:00+00:00,2025-11-24 10:00:40+00:00,1.40928,1.41055,8.5,8.5,2.34.141,DEMO,OOS,0.0,0.1,0.1,DEMO_ACCOUNT,0.1,C:\Users\Leon\Desktop\QUANT\Data_Center\Data\2_Baseline\Trades\Backtest\DEMO_ACCOUNT\OOS\listOfTrades_USDCAD_30_2.34.141_BUY_M15_OOS.csv,0.1,3.3,32.99999999999999,280.49999999999994,0.0,280.49999999999994,3.2999999999999994,3.2999999999999994,7707.8099999999995
1188,USDCAD,BUY,2025-11-25 19:30:00+00:00,2025-11-25 23:45:00+00:00,1.41034,1.40969,-5.11,-5.11,2.34.141,DEMO,OOS,0.0,0.1,0.1,DEMO_ACCOUNT,0.1,C:\Users\Leon\Desktop\QUANT\Data_Center\Data\2_Baseline\Trades\Backtest\DEMO_ACCOUNT\OOS\listOfTrades_USDCAD_30_2.34.141_BUY_M15_OOS.csv,0.1,3.3,32.99999999999999,-168.62999999999997,0.0,-168.62999999999997,3.2999999999999994,3.2999999999999994,7539.179999999999
1190,USDCAD,BUY,2025-11-26 08:30:00+00:00,2025-11-26 12:26:40+00:00,1.40687,1.40841,10.43,10.43,2.34.141,DEMO,OOS,0.0,0.1,0.1,DEMO_ACCOUNT,0.1,C:\Users\Leon\Desktop\QUANT\Data_Center\Data\2_Baseline\Trades\Backtest\DEMO_ACCOUNT\OOS\listOfTrades_USDCAD_30_2.34.141_BUY_M15_OOS.csv,0.1,3.3,32.99999999999999,344.18999999999994,0.0,344.18999999999994,3.2999999999999994,3.2999999999999994,7883.369999999999
1192,USDCAD,BUY,2025-11-27 07:30:00+00:00,2025-11-27 10:21:20+00:00,1.40295,1.40403,7.19,7.19,2.34.141,DEMO,OOS,0.0,0.1,0.1,DEMO_ACCOUNT,0.1,C:\Users\Leon\Desktop\QUANT\Data_Center\Data\2_Baseline\Trades\Backtest\DEMO_ACCOUNT\OOS\listOfTrades_USDCAD_30_2.34.141_BUY_M15_OOS.csv,0.1,3.3,32.99999999999999,237.26999999999995,0.0,237.26999999999995,3.2999999999999994,3.2999999999999994,8120.6399999999985
1194,USDCAD,BUY,2025-11-28 00:30:00+00:00,2025-11-28 09:51:20+00:00,1.40335,1.40425,5.91,5.91,2.34.141,DEMO,OOS,0.0,0.1,0.1,DEMO_ACCOUNT,0.1,C:\Users\Leon\Desktop\QUANT\Data_Center\Data\2_Baseline\Trades\Backtest\DEMO_ACCOUNT\OOS\listOfTrades_USDCAD_30_2.34.141_BUY_M15_OOS.csv,0.1,3.3,32.99999999999999,195.02999999999997,0.0,195.02999999999997,3.2999999999999994,3.2999999999999994,8315.669999999998
1196,USDCAD,BUY,2025-12-01 14:45:00+00:00,2025-12-01 18:27:40+00:00,1.39638,1.39807,11.59,11.59,2.34.141,DEMO,OOS,0.0,0.1,0.1,DEMO_ACCOUNT,0.1,C:\Users\Leon\Desktop\QUANT\Data_Center\Data\2_Baseline\Trades\Backtest\DEMO_ACCOUNT\OOS\listOfTrades_USDCAD_30_2.34.141_BUY_M15_OOS.csv,0.1,3.3,32.99999999999999,382.4699999999999,0.0,382.4699999999999,3.2999999999999994,3.2999999999999994,8698.139999999998
1198,USDCAD,BUY,2025-12-02 06:19:00+00:00,2025-12-02 11:33:20+00:00,1.39976,1.40082,7.07,7.07,2.34.141,DEMO,OOS,0.0,0.1,0.1,DEMO_ACCOUNT,0.1,C:\Users\Leon\Desktop\QUANT\Data_Center\Data\2_Baseline\Trades\Backtest\DEMO_ACCOUNT\OOS\listOfTrades_USDCAD_30_2.34.141_BUY_M15_OOS.csv,0.1,3.3,32.99999999999999,233.30999999999995,0.0,233.30999999999995,3.2999999999999994,3.2999999999999994,8931.449999999997
1200,USDCAD,BUY,2025-12-03 11:00:00+00:00,2025-12-03 23:45:00+00:00,1.39613,1.39515,-7.52,-7.52,2.34.141,DEMO,OOS,0.0,0.1,0.1,DEMO_ACCOUNT,0.1,C:\Users\Leon\Desktop\QUANT\Data_Center\Data\2_Baseline\Trades\Backtest\DEMO_ACCOUNT\OOS\listOfTrades_USDCAD_30_2.34.141_BUY_M15_OOS.csv,0.1,3.3,32.99999999999999,-248.15999999999994,0.0,-248.15999999999994,3.2999999999999994,3.2999999999999994,8683.289999999997
1202,USDCAD,BUY,2025-12-04 16:30:00+00:00,2025-12-04 23:45:00+00:00,1.39562,1.39598,2.08,2.08,2.34.141,DEMO,OOS,0.0,0.1,0.1,DEMO_ACCOUNT,0.1,C:\Users\Leon\Desktop\QUANT\Data_Center\Data\2_Baseline\Trades\Backtest\DEMO_ACCOUNT\OOS\listOfTrades_USDCAD_30_2.34.141_BUY_M15_OOS.csv,0.1,3.3,32.99999999999999,68.63999999999999,0.0,68.63999999999999,3.2999999999999994,3.2999999999999994,8751.929999999997
1204,USDCAD,BUY,2025-12-05 00:15:00+00:00,2025-12-05 16:04:40+00:00,1.39583,1.38783,-58.14,-58.14,2.34.141,DEMO,OOS,0.0,0.1,0.1,DEMO_ACCOUNT,0.1,C:\Users\Leon\Desktop\QUANT\Data_Center\Data\2_Baseline\Trades\Backtest\DEMO_ACCOUNT\OOS\listOfTrades_USDCAD_30_2.34.141_BUY_M15_OOS.csv,0.1,3.3,32.99999999999999,-1918.6199999999997,0.0,-1918.6199999999997,3.2999999999999994,3.2999999999999994,6833.309999999997
1206,USDCAD,BUY,2025-12-08 08:15:00+00:00,2025-12-08 17:29:40+00:00,1.38159,1.38299,9.62,9.62,2.34.141,DEMO,OOS,0.0,0.1,0.1,DEMO_ACCOUNT,0.1,C:\Users\Leon\Desktop\QUANT\Data_Center\Data\2_Baseline\Trades\Backtest\DEMO_ACCOUNT\OOS\listOfTrades_USDCAD_30_2.34.141_BUY_M15_OOS.csv,0.1,3.3,32.99999999999999,317.4599999999999,0.0,317.4599999999999,3.2999999999999994,3.2999999999999994,7150.769999999997
1208,USDCAD,BUY,2025-12-09 07:00:00+00:00,2025-12-09 20:02:40+00:00,1.3846,1.38581,8.23,8.23,2.34.141,DEMO,OOS,0.0,0.1,0.1,DEMO_ACCOUNT,0.1,C:\Users\Leon\Desktop\QUANT\Data_Center\Data\2_Baseline\Trades\Backtest\DEMO_ACCOUNT\OOS\listOfTrades_USDCAD_30_2.34.141_BUY_M15_OOS.csv,0.1,3.3,32.99999999999999,271.59,0.0,271.59,3.2999999999999994,3.2999999999999994,7422.359999999997
1210,USDCAD,BUY,2025-12-11 15:30:00+00:00,2025-12-11 23:45:00+00:00,1.3791,1.37698,-15.9,-15.9,2.34.141,DEMO,OOS,0.0,0.1,0.1,DEMO_ACCOUNT,0.1,C:\Users\Leon\Desktop\QUANT\Data_Center\Data\2_Baseline\Trades\Backtest\DEMO_ACCOUNT\OOS\listOfTrades_USDCAD_30_2.34.141_BUY_M15_OOS.csv,0.1,3.3,32.99999999999999,-524.6999999999999,0.0,-524.6999999999999,3.2999999999999994,3.2999999999999994,6897.659999999997
1212,USDCAD,BUY,2025-12-12 09:45:00+00:00,2025-12-12 17:51:40+00:00,1.37674,1.37804,8.93,8.93,2.34.141,DEMO,OOS,0.0,0.1,0.1,DEMO_ACCOUNT,0.1,C:\Users\Leon\Desktop\QUANT\Data_Center\Data\2_Baseline\Trades\Backtest\DEMO_ACCOUNT\OOS\listOfTrades_USDCAD_30_2.34.141_BUY_M15_OOS.csv,0.1,3.3,32.99999999999999,294.68999999999994,0.0,294.68999999999994,3.2999999999999994,3.2999999999999994,7192.349999999997
1214,USDCAD,BUY,2025-12-15 00:15:00+00:00,2025-12-15 23:45:00+00:00,1.37735,1.37728,-1.01,-1.01,2.34.141,DEMO,OOS,0.0,0.1,0.1,DEMO_ACCOUNT,0.1,C:\Users\Leon\Desktop\QUANT\Data_Center\Data\2_Baseline\Trades\Backtest\DEMO_ACCOUNT\OOS\listOfTrades_USDCAD_30_2.34.141_BUY_M15_OOS.csv,0.1,3.3,32.99999999999999,-33.32999999999999,0.0,-33.32999999999999,3.2999999999999994,3.2999999999999994,7159.019999999997
1216,USDCAD,BUY,2025-12-23 10:15:00+00:00,2025-12-23 23:45:00+00:00,1.37302,1.36896,-30.16,-30.16,2.34.141,DEMO,OOS,0.0,0.1,0.1,DEMO_ACCOUNT,0.1,C:\Users\Leon\Desktop\QUANT\Data_Center\Data\2_Baseline\Trades\Backtest\DEMO_ACCOUNT\OOS\listOfTrades_USDCAD_30_2.34.141_BUY_M15_OOS.csv,0.1,3.3,32.99999999999999,-995.2799999999997,0.0,-995.2799999999997,3.2999999999999994,3.2999999999999994,6163.739999999997
1218,USDCAD,BUY,2025-12-24 11:15:00+00:00,2025-12-24 23:45:00+00:00,1.36747,1.36717,-2.69,-2.69,2.34.141,DEMO,OOS,0.0,0.1,0.1,DEMO_ACCOUNT,0.1,C:\Users\Leon\Desktop\QUANT\Data_Center\Data\2_Baseline\Trades\Backtest\DEMO_ACCOUNT\OOS\listOfTrades_USDCAD_30_2.34.141_BUY_M15_OOS.csv,0.1,3.3,32.99999999999999,-88.76999999999998,0.0,-88.76999999999998,3.2999999999999994,3.2999999999999994,6074.9699999999975
1220,USDCAD,BUY,2025-12-26 00:30:00+00:00,2025-12-26 23:45:00+00:00,1.36794,1.36701,-7.3,-7.3,2.34.141,DEMO,OOS,0.0,0.1,0.1,DEMO_ACCOUNT,0.1,C:\Users\Leon\Desktop\QUANT\Data_Center\Data\2_Baseline\Trades\Backtest\DEMO_ACCOUNT\OOS\listOfTrades_USDCAD_30_2.34.141_BUY_M15_OOS.csv,0.1,3.3,32.99999999999999,-240.89999999999995,0.0,-240.89999999999995,3.2999999999999994,3.2999999999999994,5834.069999999998
1222,USDCAD,BUY,2025-12-31 15:15:00+00:00,2025-12-31 17:02:40+00:00,1.36919,1.37074,10.81,10.81,2.34.141,DEMO,OOS,0.0,0.1,0.1,DEMO_ACCOUNT,0.1,C:\Users\Leon\Desktop\QUANT\Data_Center\Data\2_Baseline\Trades\Backtest\DEMO_ACCOUNT\OOS\listOfTrades_USDCAD_30_2.34.141_BUY_M15_OOS.csv,0.1,3.3,32.99999999999999,356.72999999999996,0.0,356.72999999999996,3.2999999999999994,3.2999999999999994,6190.799999999997
1224,USDCAD,BUY,2026-01-06 08:45:00+00:00,2026-01-06 13:19:40+00:00,1.37598,1.37734,9.37,9.37,2.34.141,DEMO,OOS,0.0,0.1,0.1,DEMO_ACCOUNT,0.1,C:\Users\Leon\Desktop\QUANT\Data_Center\Data\2_Baseline\Trades\Backtest\DEMO_ACCOUNT\OOS\listOfTrades_USDCAD_30_2.34.141_BUY_M15_OOS.csv,0.1,3.3,32.99999999999999,309.2099999999999,0.0,309.2099999999999,3.2999999999999994,3.2999999999999994,6500.0099999999975
1226,USDCAD,BUY,2026-01-07 12:45:00+00:00,2026-01-07 18:16:40+00:00,1.38081,1.38231,10.35,10.35,2.34.141,DEMO,OOS,0.0,0.1,0.1,DEMO_ACCOUNT,0.1,C:\Users\Leon\Desktop\QUANT\Data_Center\Data\2_Baseline\Trades\Backtest\DEMO_ACCOUNT\OOS\listOfTrades_USDCAD_30_2.34.141_BUY_M15_OOS.csv,0.1,3.3,32.99999999999999,341.5499999999999,0.0,341.5499999999999,3.2999999999999994,3.2999999999999994,6841.559999999998
1228,USDCAD,BUY,2026-01-08 15:30:00+00:00,2026-01-08 19:38:40+00:00,1.38563,1.38754,13.27,13.27,2.34.141,DEMO,OOS,0.0,0.1,0.1,DEMO_ACCOUNT,0.1,C:\Users\Leon\Desktop\QUANT\Data_Center\Data\2_Baseline\Trades\Backtest\DEMO_ACCOUNT\OOS\listOfTrades_USDCAD_30_2.34.141_BUY_M15_OOS.csv,0.1,3.3,32.99999999999999,437.9099999999999,0.0,437.9099999999999,3.2999999999999994,3.2999999999999994,7279.4699999999975
1230,USDCAD,BUY,2026-01-12 09:30:00+00:00,2026-01-12 23:45:00+00:00,1.38794,1.38736,-4.68,-4.68,2.34.141,DEMO,OOS,0.0,0.1,0.1,DEMO_ACCOUNT,0.1,C:\Users\Leon\Desktop\QUANT\Data_Center\Data\2_Baseline\Trades\Backtest\DEMO_ACCOUNT\OOS\listOfTrades_USDCAD_30_2.34.141_BUY_M15_OOS.csv,0.1,3.3,32.99999999999999,-154.43999999999997,0.0,-154.43999999999997,3.2999999999999994,3.2999999999999994,7125.029999999998
1232,USDCAD,BUY,2026-01-19 12:45:00+00:00,2026-01-19 23:45:00+00:00,1.38884,1.38694,-14.2,-14.2,2.34.141,DEMO,OOS,0.0,0.1,0.1,DEMO_ACCOUNT,0.1,C:\Users\Leon\Desktop\QUANT\Data_Center\Data\2_Baseline\Trades\Backtest\DEMO_ACCOUNT\OOS\listOfTrades_USDCAD_30_2.34.141_BUY_M15_OOS.csv,0.1,3.3,32.99999999999999,-468.59999999999985,0.0,-468.59999999999985,3.2999999999999994,3.2999999999999994,6656.4299999999985
1234,USDCAD,BUY,2026-01-20 09:15:00+00:00,2026-01-20 23:45:00+00:00,1.38547,1.38414,-10.11,-10.11,2.34.141,DEMO,OOS,0.0,0.1,0.1,DEMO_ACCOUNT,0.1,C:\Users\Leon\Desktop\QUANT\Data_Center\Data\2_Baseline\Trades\Backtest\DEMO_ACCOUNT\OOS\listOfTrades_USDCAD_30_2.34.141_BUY_M15_OOS.csv,0.1,3.3,32.99999999999999,-333.6299999999999,0.0,-333.6299999999999,3.2999999999999994,3.2999999999999994,6322.799999999998
1236,USDCAD,BUY,2026-01-21 20:00:00+00:00,2026-01-21 23:45:00+00:00,1.38164,1.38312,10.2,10.2,2.34.141,DEMO,OOS,0.0,0.1,0.1,DEMO_ACCOUNT,0.1,C:\Users\Leon\Desktop\QUANT\Data_Center\Data\2_Baseline\Trades\Backtest\DEMO_ACCOUNT\OOS\listOfTrades_USDCAD_30_2.34.141_BUY_M15_OOS.csv,0.1,3.3,32.99999999999999,336.5999999999999,0.0,336.5999999999999,3.2999999999999994,3.2999999999999994,6659.399999999998
1238,USDCAD,BUY,2026-01-26 12:30:00+00:00,2026-01-26 14:53:40+00:00,1.36752,1.36964,14.98,14.98,2.34.141,DEMO,OOS,0.0,0.1,0.1,DEMO_ACCOUNT,0.1,C:\Users\Leon\Desktop\QUANT\Data_Center\Data\2_Baseline\Trades\Backtest\DEMO_ACCOUNT\OOS\listOfTrades_USDCAD_30_2.34.141_BUY_M15_OOS.csv,0.1,3.3,32.99999999999999,494.3399999999999,0.0,494.3399999999999,3.2999999999999994,3.2999999999999994,7153.739999999998
1240,USDCAD,BUY,2026-01-27 12:00:00+00:00,2026-01-27 17:02:40+00:00,1.37081,1.36281,-59.2,-59.2,2.34.141,DEMO,OOS,0.0,0.1,0.1,DEMO_ACCOUNT,0.1,C:\Users\Leon\Desktop\QUANT\Data_Center\Data\2_Baseline\Trades\Backtest\DEMO_ACCOUNT\OOS\listOfTrades_USDCAD_30_2.34.141_BUY_M15_OOS.csv,0.1,3.3,32.99999999999999,-1953.5999999999997,0.0,-1953.5999999999997,3.2999999999999994,3.2999999999999994,5200.1399999999985
1242,USDCAD,BUY,2026-01-28 07:00:00+00:00,2026-01-28 23:45:00+00:00,1.35945,1.35557,-29.12,-29.12,2.34.141,DEMO,OOS,0.0,0.1,0.1,DEMO_ACCOUNT,0.1,C:\Users\Leon\Desktop\QUANT\Data_Center\Data\2_Baseline\Trades\Backtest\DEMO_ACCOUNT\OOS\listOfTrades_USDCAD_30_2.34.141_BUY_M15_OOS.csv,0.1,3.3,32.99999999999999,-960.9599999999998,0.0,-960.9599999999998,3.2999999999999994,3.2999999999999994,4239.1799999999985
1244,USDCAD,BUY,2026-01-29 07:15:00+00:00,2026-01-29 12:42:40+00:00,1.35205,1.35481,19.87,19.87,2.34.141,DEMO,OOS,0.0,0.1,0.1,DEMO_ACCOUNT,0.1,C:\Users\Leon\Desktop\QUANT\Data_Center\Data\2_Baseline\Trades\Backtest\DEMO_ACCOUNT\OOS\listOfTrades_USDCAD_30_2.34.141_BUY_M15_OOS.csv,0.1,3.3,32.99999999999999,655.7099999999999,0.0,655.7099999999999,3.2999999999999994,3.2999999999999994,4894.8899999999985
1246,USDCAD,BUY,2026-02-03 09:45:00+00:00,2026-02-03 11:02:40+00:00,1.36541,1.36765,15.88,15.88,2.34.141,DEMO,OOS,0.0,0.1,0.1,DEMO_ACCOUNT,0.1,C:\Users\Leon\Desktop\QUANT\Data_Center\Data\2_Baseline\Trades\Backtest\DEMO_ACCOUNT\OOS\listOfTrades_USDCAD_30_2.34.141_BUY_M15_OOS.csv,0.1,3.3,32.99999999999999,524.04,0.0,524.04,3.2999999999999994,3.2999999999999994,5418.9299999999985
1248,USDCAD,BUY,2026-02-05 16:15:00+00:00,2026-02-05 18:00:40+00:00,1.36606,1.36863,18.28,18.28,2.34.141,DEMO,OOS,0.0,0.1,0.1,DEMO_ACCOUNT,0.1,C:\Users\Leon\Desktop\QUANT\Data_Center\Data\2_Baseline\Trades\Backtest\DEMO_ACCOUNT\OOS\listOfTrades_USDCAD_30_2.34.141_BUY_M15_OOS.csv,0.1,3.3,32.99999999999999,603.2399999999999,0.0,603.2399999999999,3.2999999999999994,3.2999999999999994,6022.169999999998
1250,USDCAD,BUY,2026-02-06 07:30:00+00:00,2026-02-06 23:45:00+00:00,1.36943,1.36541,-29.94,-29.94,2.34.141,DEMO,OOS,0.0,0.1,0.1,DEMO_ACCOUNT,0.1,C:\Users\Leon\Desktop\QUANT\Data_Center\Data\2_Baseline\Trades\Backtest\DEMO_ACCOUNT\OOS\listOfTrades_USDCAD_30_2.34.141_BUY_M15_OOS.csv,0.1,3.3,32.99999999999999,-988.0199999999999,0.0,-988.0199999999999,3.2999999999999994,3.2999999999999994,5034.149999999999
1252,USDCAD,BUY,2026-02-10 16:15:00+00:00,2026-02-10 23:45:00+00:00,1.35449,1.35521,4.81,4.81,2.34.141,DEMO,OOS,0.0,0.1,0.1,DEMO_ACCOUNT,0.1,C:\Users\Leon\Desktop\QUANT\Data_Center\Data\2_Baseline\Trades\Backtest\DEMO_ACCOUNT\OOS\listOfTrades_USDCAD_30_2.34.141_BUY_M15_OOS.csv,0.1,3.3,32.99999999999999,158.72999999999996,0.0,158.72999999999996,3.2999999999999994,3.2999999999999994,5192.879999999998
1254,USDCAD,BUY,2026-02-11 00:15:00+00:00,2026-02-11 15:30:40+00:00,1.35546,1.35778,16.59,16.59,2.34.141,DEMO,OOS,0.0,0.1,0.1,DEMO_ACCOUNT,0.1,C:\Users\Leon\Desktop\QUANT\Data_Center\Data\2_Baseline\Trades\Backtest\DEMO_ACCOUNT\OOS\listOfTrades_USDCAD_30_2.34.141_BUY_M15_OOS.csv,0.1,3.3,32.99999999999999,547.4699999999999,0.0,547.4699999999999,3.2999999999999994,3.2999999999999994,5740.3499999999985
1256,USDCAD,BUY,2026-02-12 12:00:00+00:00,2026-02-12 16:52:40+00:00,1.35642,1.35863,15.77,15.77,2.34.141,DEMO,OOS,0.0,0.1,0.1,DEMO_ACCOUNT,0.1,C:\Users\Leon\Desktop\QUANT\Data_Center\Data\2_Baseline\Trades\Backtest\DEMO_ACCOUNT\OOS\listOfTrades_USDCAD_30_2.34.141_BUY_M15_OOS.csv,0.1,3.3,32.99999999999999,520.4099999999999,0.0,520.4099999999999,3.2999999999999994,3.2999999999999994,6260.759999999998
1258,USDCAD,BUY,2026-02-13 11:00:00+00:00,2026-02-13 13:52:40+00:00,1.36027,1.36238,14.99,14.99,2.34.141,DEMO,OOS,0.0,0.1,0.1,DEMO_ACCOUNT,0.1,C:\Users\Leon\Desktop\QUANT\Data_Center\Data\2_Baseline\Trades\Backtest\DEMO_ACCOUNT\OOS\listOfTrades_USDCAD_30_2.34.141_BUY_M15_OOS.csv,0.1,3.3,32.99999999999999,494.6699999999999,0.0,494.6699999999999,3.2999999999999994,3.2999999999999994,6755.4299999999985
1260,USDCAD,BUY,2026-02-18 00:15:00+00:00,2026-02-18 09:32:40+00:00,1.36385,1.36606,15.68,15.68,2.34.141,DEMO,OOS,0.0,0.1,0.1,DEMO_ACCOUNT,0.1,C:\Users\Leon\Desktop\QUANT\Data_Center\Data\2_Baseline\Trades\Backtest\DEMO_ACCOUNT\OOS\listOfTrades_USDCAD_30_2.34.141_BUY_M15_OOS.csv,0.1,3.3,32.99999999999999,517.4399999999998,0.0,517.4399999999998,3.2999999999999994,3.2999999999999994,7272.869999999998
1262,USDCAD,BUY,2026-02-19 09:15:00+00:00,2026-02-19 15:02:40+00:00,1.36868,1.36999,9.06,9.06,2.34.141,DEMO,OOS,0.0,0.1,0.1,DEMO_ACCOUNT,0.1,C:\Users\Leon\Desktop\QUANT\Data_Center\Data\2_Baseline\Trades\Backtest\DEMO_ACCOUNT\OOS\listOfTrades_USDCAD_30_2.34.141_BUY_M15_OOS.csv,0.1,3.3,32.99999999999999,298.97999999999996,0.0,298.97999999999996,3.2999999999999994,3.2999999999999994,7571.849999999998
1264,USDCAD,BUY,2026-03-03 20:45:00+00:00,2026-03-03 23:45:00+00:00,1.36587,1.36796,14.78,14.78,2.34.141,DEMO,OOS,0.0,0.1,0.1,DEMO_ACCOUNT,0.1,C:\Users\Leon\Desktop\QUANT\Data_Center\Data\2_Baseline\Trades\Backtest\DEMO_ACCOUNT\OOS\listOfTrades_USDCAD_30_2.34.141_BUY_M15_OOS.csv,0.1,3.3,32.99999999999999,487.7399999999999,0.0,487.7399999999999,3.2999999999999994,3.2999999999999994,8059.589999999997
1266,USDCAD,BUY,2026-03-04 08:45:00+00:00,2026-03-04 23:45:00+00:00,1.36749,1.36407,-25.57,-25.57,2.34.141,DEMO,OOS,0.0,0.1,0.1,DEMO_ACCOUNT,0.1,C:\Users\Leon\Desktop\QUANT\Data_Center\Data\2_Baseline\Trades\Backtest\DEMO_ACCOUNT\OOS\listOfTrades_USDCAD_30_2.34.141_BUY_M15_OOS.csv,0.1,3.3,32.99999999999999,-843.8099999999998,0.0,-843.8099999999998,3.2999999999999994,3.2999999999999994,7215.779999999998
1268,USDCAD,BUY,2026-03-05 15:00:00+00:00,2026-03-05 16:00:40+00:00,1.36226,1.36506,20.01,20.01,2.34.141,DEMO,OOS,0.0,0.1,0.1,DEMO_ACCOUNT,0.1,C:\Users\Leon\Desktop\QUANT\Data_Center\Data\2_Baseline\Trades\Backtest\DEMO_ACCOUNT\OOS\listOfTrades_USDCAD_30_2.34.141_BUY_M15_OOS.csv,0.1,3.3,32.99999999999999,660.3299999999999,0.0,660.3299999999999,3.2999999999999994,3.2999999999999994,7876.109999999998
1270,USDCAD,BUY,2026-03-09 06:45:00+00:00,2026-03-09 23:38:40+00:00,1.35629,1.3597,24.58,24.58,2.34.141,DEMO,OOS,0.0,0.1,0.1,DEMO_ACCOUNT,0.1,C:\Users\Leon\Desktop\QUANT\Data_Center\Data\2_Baseline\Trades\Backtest\DEMO_ACCOUNT\OOS\listOfTrades_USDCAD_30_2.34.141_BUY_M15_OOS.csv,0.1,3.3,32.99999999999999,811.1399999999998,0.0,811.1399999999998,3.2999999999999994,3.2999999999999994,8687.249999999998
