position_id,symbol,direction,open_time_utc,close_time_utc,entry_price,exit_price,profit_sum,net_sum,strategy_id,account_type,sample_type,commission_sum,volume_in,volume_out,account_group,base_lot_detected,source_file,base_lot,target_lot,lot_scale_factor,scaled_profit_sum,scaled_commission_sum,scaled_net_sum,scaled_volume_in,scaled_volume_out,scaled_cumulative_net_sum
826,USDCAD,BUY,2024-07-02 12:00:00+00:00,2024-07-02 23:45:00+00:00,1.37312,1.36766,-40.42,-40.42,2.34.141,DEMO,OOS,0.0,0.1,0.1,DEMO_ACCOUNT,0.1,C:\Users\Leon\Desktop\QUANT\Data_Center\Data\2_Baseline\Trades\Backtest\DEMO_ACCOUNT\OOS\listOfTrades_USDCAD_30_2.34.141_BUY_M15_OOS.csv,0.1,6.2,62.0,-2506.04,0.0,-2506.04,6.2,6.2,-2506.04
828,USDCAD,BUY,2024-07-03 10:30:00+00:00,2024-07-03 23:45:00+00:00,1.36702,1.36402,-22.49,-22.49,2.34.141,DEMO,OOS,0.0,0.1,0.1,DEMO_ACCOUNT,0.1,C:\Users\Leon\Desktop\QUANT\Data_Center\Data\2_Baseline\Trades\Backtest\DEMO_ACCOUNT\OOS\listOfTrades_USDCAD_30_2.34.141_BUY_M15_OOS.csv,0.1,6.2,62.0,-1394.3799999999999,0.0,-1394.3799999999999,6.2,6.2,-3900.42
830,USDCAD,BUY,2024-07-04 11:15:00+00:00,2024-07-04 23:45:00+00:00,1.36209,1.36126,-6.6,-6.6,2.34.141,DEMO,OOS,0.0,0.1,0.1,DEMO_ACCOUNT,0.1,C:\Users\Leon\Desktop\QUANT\Data_Center\Data\2_Baseline\Trades\Backtest\DEMO_ACCOUNT\OOS\listOfTrades_USDCAD_30_2.34.141_BUY_M15_OOS.csv,0.1,6.2,62.0,-409.2,0.0,-409.2,6.2,6.2,-4309.62
832,USDCAD,BUY,2024-07-05 10:45:00+00:00,2024-07-05 15:26:40+00:00,1.36051,1.36155,7.14,7.14,2.34.141,DEMO,OOS,0.0,0.1,0.1,DEMO_ACCOUNT,0.1,C:\Users\Leon\Desktop\QUANT\Data_Center\Data\2_Baseline\Trades\Backtest\DEMO_ACCOUNT\OOS\listOfTrades_USDCAD_30_2.34.141_BUY_M15_OOS.csv,0.1,6.2,62.0,442.68,0.0,442.68,6.2,6.2,-3866.94
834,USDCAD,BUY,2024-07-08 06:30:00+00:00,2024-07-08 23:45:00+00:00,1.36324,1.3636,2.14,2.14,2.34.141,DEMO,OOS,0.0,0.1,0.1,DEMO_ACCOUNT,0.1,C:\Users\Leon\Desktop\QUANT\Data_Center\Data\2_Baseline\Trades\Backtest\DEMO_ACCOUNT\OOS\listOfTrades_USDCAD_30_2.34.141_BUY_M15_OOS.csv,0.1,6.2,62.0,132.68,0.0,132.68,6.2,6.2,-3734.26
836,USDCAD,BUY,2024-07-11 18:00:00+00:00,2024-07-11 20:31:40+00:00,1.36109,1.36416,22.0,22.0,2.34.141,DEMO,OOS,0.0,0.1,0.1,DEMO_ACCOUNT,0.1,C:\Users\Leon\Desktop\QUANT\Data_Center\Data\2_Baseline\Trades\Backtest\DEMO_ACCOUNT\OOS\listOfTrades_USDCAD_30_2.34.141_BUY_M15_OOS.csv,0.1,6.2,62.0,1364.0,0.0,1364.0,6.2,6.2,-2370.26
838,USDCAD,BUY,2024-07-16 15:30:00+00:00,2024-07-16 15:30:40+00:00,1.36637,1.36796,11.12,11.12,2.34.141,DEMO,OOS,0.0,0.1,0.1,DEMO_ACCOUNT,0.1,C:\Users\Leon\Desktop\QUANT\Data_Center\Data\2_Baseline\Trades\Backtest\DEMO_ACCOUNT\OOS\listOfTrades_USDCAD_30_2.34.141_BUY_M15_OOS.csv,0.1,6.2,62.0,689.4399999999999,0.0,689.4399999999999,6.2,6.2,-1680.8200000000002
840,USDCAD,BUY,2024-07-17 00:16:30+00:00,2024-07-17 18:04:40+00:00,1.36737,1.36902,11.55,11.55,2.34.141,DEMO,OOS,0.0,0.1,0.1,DEMO_ACCOUNT,0.1,C:\Users\Leon\Desktop\QUANT\Data_Center\Data\2_Baseline\Trades\Backtest\DEMO_ACCOUNT\OOS\listOfTrades_USDCAD_30_2.34.141_BUY_M15_OOS.csv,0.1,6.2,62.0,716.1,0.0,716.1,6.2,6.2,-964.7200000000001
842,USDCAD,BUY,2024-07-23 14:15:00+00:00,2024-07-23 16:35:40+00:00,1.37565,1.37691,8.65,8.65,2.34.141,DEMO,OOS,0.0,0.1,0.1,DEMO_ACCOUNT,0.1,C:\Users\Leon\Desktop\QUANT\Data_Center\Data\2_Baseline\Trades\Backtest\DEMO_ACCOUNT\OOS\listOfTrades_USDCAD_30_2.34.141_BUY_M15_OOS.csv,0.1,6.2,62.0,536.3000000000001,0.0,536.3000000000001,6.2,6.2,-428.4200000000001
844,USDCAD,BUY,2024-07-24 16:45:00+00:00,2024-07-24 16:48:40+00:00,1.37785,1.37951,11.53,11.53,2.34.141,DEMO,OOS,0.0,0.1,0.1,DEMO_ACCOUNT,0.1,C:\Users\Leon\Desktop\QUANT\Data_Center\Data\2_Baseline\Trades\Backtest\DEMO_ACCOUNT\OOS\listOfTrades_USDCAD_30_2.34.141_BUY_M15_OOS.csv,0.1,6.2,62.0,714.86,0.0,714.86,6.2,6.2,286.43999999999994
846,USDCAD,BUY,2024-07-25 19:00:00+00:00,2024-07-25 23:45:00+00:00,1.38109,1.38252,9.84,9.84,2.34.141,DEMO,OOS,0.0,0.1,0.1,DEMO_ACCOUNT,0.1,C:\Users\Leon\Desktop\QUANT\Data_Center\Data\2_Baseline\Trades\Backtest\DEMO_ACCOUNT\OOS\listOfTrades_USDCAD_30_2.34.141_BUY_M15_OOS.csv,0.1,6.2,62.0,610.08,0.0,610.08,6.2,6.2,896.52
848,USDCAD,BUY,2024-07-30 06:30:00+00:00,2024-07-30 15:58:40+00:00,1.38519,1.38637,8.01,8.01,2.34.141,DEMO,OOS,0.0,0.1,0.1,DEMO_ACCOUNT,0.1,C:\Users\Leon\Desktop\QUANT\Data_Center\Data\2_Baseline\Trades\Backtest\DEMO_ACCOUNT\OOS\listOfTrades_USDCAD_30_2.34.141_BUY_M15_OOS.csv,0.1,6.2,62.0,496.62,0.0,496.62,6.2,6.2,1393.1399999999999
850,USDCAD,BUY,2024-08-02 07:30:00+00:00,2024-08-02 11:37:40+00:00,1.38591,1.38794,14.13,14.13,2.34.141,DEMO,OOS,0.0,0.1,0.1,DEMO_ACCOUNT,0.1,C:\Users\Leon\Desktop\QUANT\Data_Center\Data\2_Baseline\Trades\Backtest\DEMO_ACCOUNT\OOS\listOfTrades_USDCAD_30_2.34.141_BUY_M15_OOS.csv,0.1,6.2,62.0,876.0600000000001,0.0,876.0600000000001,6.2,6.2,2269.2
852,USDCAD,BUY,2024-08-05 14:00:00+00:00,2024-08-05 23:45:00+00:00,1.38547,1.38301,-18.29,-18.29,2.34.141,DEMO,OOS,0.0,0.1,0.1,DEMO_ACCOUNT,0.1,C:\Users\Leon\Desktop\QUANT\Data_Center\Data\2_Baseline\Trades\Backtest\DEMO_ACCOUNT\OOS\listOfTrades_USDCAD_30_2.34.141_BUY_M15_OOS.csv,0.1,6.2,62.0,-1133.98,0.0,-1133.98,6.2,6.2,1135.2199999999998
854,USDCAD,BUY,2024-08-06 19:30:00+00:00,2024-08-06 23:45:00+00:00,1.37923,1.37785,-10.52,-10.52,2.34.141,DEMO,OOS,0.0,0.1,0.1,DEMO_ACCOUNT,0.1,C:\Users\Leon\Desktop\QUANT\Data_Center\Data\2_Baseline\Trades\Backtest\DEMO_ACCOUNT\OOS\listOfTrades_USDCAD_30_2.34.141_BUY_M15_OOS.csv,0.1,6.2,62.0,-652.24,0.0,-652.24,6.2,6.2,482.9799999999998
856,USDCAD,BUY,2024-08-07 06:45:00+00:00,2024-08-07 23:45:00+00:00,1.37707,1.37536,-12.93,-12.93,2.34.141,DEMO,OOS,0.0,0.1,0.1,DEMO_ACCOUNT,0.1,C:\Users\Leon\Desktop\QUANT\Data_Center\Data\2_Baseline\Trades\Backtest\DEMO_ACCOUNT\OOS\listOfTrades_USDCAD_30_2.34.141_BUY_M15_OOS.csv,0.1,6.2,62.0,-801.66,0.0,-801.66,6.2,6.2,-318.6800000000002
858,USDCAD,BUY,2024-08-08 06:45:00+00:00,2024-08-08 12:42:40+00:00,1.3728,1.37466,13.03,13.03,2.34.141,DEMO,OOS,0.0,0.1,0.1,DEMO_ACCOUNT,0.1,C:\Users\Leon\Desktop\QUANT\Data_Center\Data\2_Baseline\Trades\Backtest\DEMO_ACCOUNT\OOS\listOfTrades_USDCAD_30_2.34.141_BUY_M15_OOS.csv,0.1,6.2,62.0,807.86,0.0,807.86,6.2,6.2,489.17999999999984
860,USDCAD,BUY,2024-08-14 12:30:00+00:00,2024-08-14 15:04:40+00:00,1.37025,1.37152,8.76,8.76,2.34.141,DEMO,OOS,0.0,0.1,0.1,DEMO_ACCOUNT,0.1,C:\Users\Leon\Desktop\QUANT\Data_Center\Data\2_Baseline\Trades\Backtest\DEMO_ACCOUNT\OOS\listOfTrades_USDCAD_30_2.34.141_BUY_M15_OOS.csv,0.1,6.2,62.0,543.12,0.0,543.12,6.2,6.2,1032.2999999999997
862,USDCAD,BUY,2024-08-16 09:00:00+00:00,2024-08-16 14:11:20+00:00,1.37214,1.37324,7.51,7.51,2.34.141,DEMO,OOS,0.0,0.1,0.1,DEMO_ACCOUNT,0.1,C:\Users\Leon\Desktop\QUANT\Data_Center\Data\2_Baseline\Trades\Backtest\DEMO_ACCOUNT\OOS\listOfTrades_USDCAD_30_2.34.141_BUY_M15_OOS.csv,0.1,6.2,62.0,465.62,0.0,465.62,6.2,6.2,1497.9199999999996
864,USDCAD,BUY,2024-08-19 07:30:00+00:00,2024-08-19 11:49:40+00:00,1.36629,1.36737,7.4,7.4,2.34.141,DEMO,OOS,0.0,0.1,0.1,DEMO_ACCOUNT,0.1,C:\Users\Leon\Desktop\QUANT\Data_Center\Data\2_Baseline\Trades\Backtest\DEMO_ACCOUNT\OOS\listOfTrades_USDCAD_30_2.34.141_BUY_M15_OOS.csv,0.1,6.2,62.0,458.8,0.0,458.8,6.2,6.2,1956.7199999999996
866,USDCAD,BUY,2024-08-20 09:45:00+00:00,2024-08-20 18:25:40+00:00,1.36265,1.36384,8.23,8.23,2.34.141,DEMO,OOS,0.0,0.1,0.1,DEMO_ACCOUNT,0.1,C:\Users\Leon\Desktop\QUANT\Data_Center\Data\2_Baseline\Trades\Backtest\DEMO_ACCOUNT\OOS\listOfTrades_USDCAD_30_2.34.141_BUY_M15_OOS.csv,0.1,6.2,62.0,510.26000000000005,0.0,510.26000000000005,6.2,6.2,2466.9799999999996
868,USDCAD,BUY,2024-08-21 08:15:00+00:00,2024-08-21 10:47:20+00:00,1.36121,1.36226,7.21,7.21,2.34.141,DEMO,OOS,0.0,0.1,0.1,DEMO_ACCOUNT,0.1,C:\Users\Leon\Desktop\QUANT\Data_Center\Data\2_Baseline\Trades\Backtest\DEMO_ACCOUNT\OOS\listOfTrades_USDCAD_30_2.34.141_BUY_M15_OOS.csv,0.1,6.2,62.0,447.02,0.0,447.02,6.2,6.2,2913.9999999999995
870,USDCAD,BUY,2024-08-22 09:30:00+00:00,2024-08-22 14:33:20+00:00,1.35825,1.35929,7.15,7.15,2.34.141,DEMO,OOS,0.0,0.1,0.1,DEMO_ACCOUNT,0.1,C:\Users\Leon\Desktop\QUANT\Data_Center\Data\2_Baseline\Trades\Backtest\DEMO_ACCOUNT\OOS\listOfTrades_USDCAD_30_2.34.141_BUY_M15_OOS.csv,0.1,6.2,62.0,443.3,0.0,443.3,6.2,6.2,3357.2999999999997
872,USDCAD,BUY,2024-08-26 15:30:00+00:00,2024-08-26 23:45:00+00:00,1.3495,1.34883,-5.47,-5.47,2.34.141,DEMO,OOS,0.0,0.1,0.1,DEMO_ACCOUNT,0.1,C:\Users\Leon\Desktop\QUANT\Data_Center\Data\2_Baseline\Trades\Backtest\DEMO_ACCOUNT\OOS\listOfTrades_USDCAD_30_2.34.141_BUY_M15_OOS.csv,0.1,6.2,62.0,-339.14,0.0,-339.14,6.2,6.2,3018.16
874,USDCAD,BUY,2024-08-27 10:15:00+00:00,2024-08-27 23:45:00+00:00,1.34778,1.34433,-26.16,-26.16,2.34.141,DEMO,OOS,0.0,0.1,0.1,DEMO_ACCOUNT,0.1,C:\Users\Leon\Desktop\QUANT\Data_Center\Data\2_Baseline\Trades\Backtest\DEMO_ACCOUNT\OOS\listOfTrades_USDCAD_30_2.34.141_BUY_M15_OOS.csv,0.1,6.2,62.0,-1621.92,0.0,-1621.92,6.2,6.2,1396.2399999999998
876,USDCAD,BUY,2024-08-30 10:30:00+00:00,2024-08-30 16:02:40+00:00,1.34758,1.34891,9.36,9.36,2.34.141,DEMO,OOS,0.0,0.1,0.1,DEMO_ACCOUNT,0.1,C:\Users\Leon\Desktop\QUANT\Data_Center\Data\2_Baseline\Trades\Backtest\DEMO_ACCOUNT\OOS\listOfTrades_USDCAD_30_2.34.141_BUY_M15_OOS.csv,0.1,6.2,62.0,580.3199999999999,0.0,580.3199999999999,6.2,6.2,1976.5599999999997
878,USDCAD,BUY,2024-09-04 17:00:00+00:00,2024-09-04 23:45:00+00:00,1.35243,1.3508,-12.57,-12.57,2.34.141,DEMO,OOS,0.0,0.1,0.1,DEMO_ACCOUNT,0.1,C:\Users\Leon\Desktop\QUANT\Data_Center\Data\2_Baseline\Trades\Backtest\DEMO_ACCOUNT\OOS\listOfTrades_USDCAD_30_2.34.141_BUY_M15_OOS.csv,0.1,6.2,62.0,-779.34,0.0,-779.34,6.2,6.2,1197.2199999999998
880,USDCAD,BUY,2024-09-06 11:00:00+00:00,2024-09-06 16:08:40+00:00,1.34962,1.35102,9.86,9.86,2.34.141,DEMO,OOS,0.0,0.1,0.1,DEMO_ACCOUNT,0.1,C:\Users\Leon\Desktop\QUANT\Data_Center\Data\2_Baseline\Trades\Backtest\DEMO_ACCOUNT\OOS\listOfTrades_USDCAD_30_2.34.141_BUY_M15_OOS.csv,0.1,6.2,62.0,611.3199999999999,0.0,611.3199999999999,6.2,6.2,1808.5399999999997
882,USDCAD,BUY,2024-09-09 19:30:00+00:00,2024-09-09 23:45:00+00:00,1.35518,1.35583,4.29,4.29,2.34.141,DEMO,OOS,0.0,0.1,0.1,DEMO_ACCOUNT,0.1,C:\Users\Leon\Desktop\QUANT\Data_Center\Data\2_Baseline\Trades\Backtest\DEMO_ACCOUNT\OOS\listOfTrades_USDCAD_30_2.34.141_BUY_M15_OOS.csv,0.1,6.2,62.0,265.98,0.0,265.98,6.2,6.2,2074.5199999999995
884,USDCAD,BUY,2024-09-11 08:15:00+00:00,2024-09-11 17:00:40+00:00,1.35978,1.36109,9.12,9.12,2.34.141,DEMO,OOS,0.0,0.1,0.1,DEMO_ACCOUNT,0.1,C:\Users\Leon\Desktop\QUANT\Data_Center\Data\2_Baseline\Trades\Backtest\DEMO_ACCOUNT\OOS\listOfTrades_USDCAD_30_2.34.141_BUY_M15_OOS.csv,0.1,6.2,62.0,565.4399999999999,0.0,565.4399999999999,6.2,6.2,2639.9599999999996
886,USDCAD,BUY,2024-09-27 14:45:00+00:00,2024-09-27 18:03:40+00:00,1.34745,1.34901,11.06,11.06,2.34.141,DEMO,OOS,0.0,0.1,0.1,DEMO_ACCOUNT,0.1,C:\Users\Leon\Desktop\QUANT\Data_Center\Data\2_Baseline\Trades\Backtest\DEMO_ACCOUNT\OOS\listOfTrades_USDCAD_30_2.34.141_BUY_M15_OOS.csv,0.1,6.2,62.0,685.72,0.0,685.72,6.2,6.2,3325.6799999999994
888,USDCAD,BUY,2024-09-30 08:45:00+00:00,2024-09-30 11:08:40+00:00,1.35014,1.35161,10.38,10.38,2.34.141,DEMO,OOS,0.0,0.1,0.1,DEMO_ACCOUNT,0.1,C:\Users\Leon\Desktop\QUANT\Data_Center\Data\2_Baseline\Trades\Backtest\DEMO_ACCOUNT\OOS\listOfTrades_USDCAD_30_2.34.141_BUY_M15_OOS.csv,0.1,6.2,62.0,643.5600000000001,0.0,643.5600000000001,6.2,6.2,3969.2399999999993
890,USDCAD,BUY,2024-10-02 14:30:00+00:00,2024-10-02 16:41:40+00:00,1.34769,1.34949,12.84,12.84,2.34.141,DEMO,OOS,0.0,0.1,0.1,DEMO_ACCOUNT,0.1,C:\Users\Leon\Desktop\QUANT\Data_Center\Data\2_Baseline\Trades\Backtest\DEMO_ACCOUNT\OOS\listOfTrades_USDCAD_30_2.34.141_BUY_M15_OOS.csv,0.1,6.2,62.0,796.08,0.0,796.08,6.2,6.2,4765.32
892,USDCAD,BUY,2024-10-11 15:45:00+00:00,2024-10-11 17:46:40+00:00,1.37433,1.37688,18.02,18.02,2.34.141,DEMO,OOS,0.0,0.1,0.1,DEMO_ACCOUNT,0.1,C:\Users\Leon\Desktop\QUANT\Data_Center\Data\2_Baseline\Trades\Backtest\DEMO_ACCOUNT\OOS\listOfTrades_USDCAD_30_2.34.141_BUY_M15_OOS.csv,0.1,6.2,62.0,1117.24,0.0,1117.24,6.2,6.2,5882.5599999999995
894,USDCAD,BUY,2024-10-14 06:30:00+00:00,2024-10-14 12:54:40+00:00,1.37735,1.37916,12.62,12.62,2.34.141,DEMO,OOS,0.0,0.1,0.1,DEMO_ACCOUNT,0.1,C:\Users\Leon\Desktop\QUANT\Data_Center\Data\2_Baseline\Trades\Backtest\DEMO_ACCOUNT\OOS\listOfTrades_USDCAD_30_2.34.141_BUY_M15_OOS.csv,0.1,6.2,62.0,782.4399999999999,0.0,782.4399999999999,6.2,6.2,6664.999999999999
896,USDCAD,BUY,2024-10-15 19:15:00+00:00,2024-10-15 23:45:00+00:00,1.37941,1.37772,-12.77,-12.77,2.34.141,DEMO,OOS,0.0,0.1,0.1,DEMO_ACCOUNT,0.1,C:\Users\Leon\Desktop\QUANT\Data_Center\Data\2_Baseline\Trades\Backtest\DEMO_ACCOUNT\OOS\listOfTrades_USDCAD_30_2.34.141_BUY_M15_OOS.csv,0.1,6.2,62.0,-791.74,0.0,-791.74,6.2,6.2,5873.259999999999
898,USDCAD,BUY,2024-10-22 07:30:00+00:00,2024-10-22 23:45:00+00:00,1.3828,1.38165,-8.82,-8.82,2.34.141,DEMO,OOS,0.0,0.1,0.1,DEMO_ACCOUNT,0.1,C:\Users\Leon\Desktop\QUANT\Data_Center\Data\2_Baseline\Trades\Backtest\DEMO_ACCOUNT\OOS\listOfTrades_USDCAD_30_2.34.141_BUY_M15_OOS.csv,0.1,6.2,62.0,-546.84,0.0,-546.84,6.2,6.2,5326.419999999999
900,USDCAD,BUY,2024-10-24 08:30:00+00:00,2024-10-24 16:52:40+00:00,1.38231,1.38339,7.31,7.31,2.34.141,DEMO,OOS,0.0,0.1,0.1,DEMO_ACCOUNT,0.1,C:\Users\Leon\Desktop\QUANT\Data_Center\Data\2_Baseline\Trades\Backtest\DEMO_ACCOUNT\OOS\listOfTrades_USDCAD_30_2.34.141_BUY_M15_OOS.csv,0.1,6.2,62.0,453.21999999999997,0.0,453.21999999999997,6.2,6.2,5779.639999999999
902,USDCAD,BUY,2024-10-25 11:00:00+00:00,2024-10-25 16:54:40+00:00,1.38462,1.3858,8.01,8.01,2.34.141,DEMO,OOS,0.0,0.1,0.1,DEMO_ACCOUNT,0.1,C:\Users\Leon\Desktop\QUANT\Data_Center\Data\2_Baseline\Trades\Backtest\DEMO_ACCOUNT\OOS\listOfTrades_USDCAD_30_2.34.141_BUY_M15_OOS.csv,0.1,6.2,62.0,496.62,0.0,496.62,6.2,6.2,6276.259999999999
904,USDCAD,BUY,2024-10-28 09:15:00+00:00,2024-10-28 18:33:20+00:00,1.38902,1.39031,8.78,8.78,2.34.141,DEMO,OOS,0.0,0.1,0.1,DEMO_ACCOUNT,0.1,C:\Users\Leon\Desktop\QUANT\Data_Center\Data\2_Baseline\Trades\Backtest\DEMO_ACCOUNT\OOS\listOfTrades_USDCAD_30_2.34.141_BUY_M15_OOS.csv,0.1,6.2,62.0,544.36,0.0,544.36,6.2,6.2,6820.619999999999
906,USDCAD,BUY,2024-11-07 08:30:00+00:00,2024-11-07 23:45:00+00:00,1.38895,1.38612,-20.92,-20.92,2.34.141,DEMO,OOS,0.0,0.1,0.1,DEMO_ACCOUNT,0.1,C:\Users\Leon\Desktop\QUANT\Data_Center\Data\2_Baseline\Trades\Backtest\DEMO_ACCOUNT\OOS\listOfTrades_USDCAD_30_2.34.141_BUY_M15_OOS.csv,0.1,6.2,62.0,-1297.0400000000002,0.0,-1297.0400000000002,6.2,6.2,5523.579999999999
908,USDCAD,BUY,2024-11-15 10:45:00+00:00,2024-11-15 16:09:40+00:00,1.40519,1.40697,12.15,12.15,2.34.141,DEMO,OOS,0.0,0.1,0.1,DEMO_ACCOUNT,0.1,C:\Users\Leon\Desktop\QUANT\Data_Center\Data\2_Baseline\Trades\Backtest\DEMO_ACCOUNT\OOS\listOfTrades_USDCAD_30_2.34.141_BUY_M15_OOS.csv,0.1,6.2,62.0,753.3000000000001,0.0,753.3000000000001,6.2,6.2,6276.879999999999
910,USDCAD,BUY,2024-11-18 17:15:00+00:00,2024-11-18 23:45:00+00:00,1.4064,1.40186,-32.89,-32.89,2.34.141,DEMO,OOS,0.0,0.1,0.1,DEMO_ACCOUNT,0.1,C:\Users\Leon\Desktop\QUANT\Data_Center\Data\2_Baseline\Trades\Backtest\DEMO_ACCOUNT\OOS\listOfTrades_USDCAD_30_2.34.141_BUY_M15_OOS.csv,0.1,6.2,62.0,-2039.18,0.0,-2039.18,6.2,6.2,4237.699999999999
912,USDCAD,BUY,2024-11-19 10:30:00+00:00,2024-11-19 10:40:40+00:00,1.40058,1.40231,11.84,11.84,2.34.141,DEMO,OOS,0.0,0.1,0.1,DEMO_ACCOUNT,0.1,C:\Users\Leon\Desktop\QUANT\Data_Center\Data\2_Baseline\Trades\Backtest\DEMO_ACCOUNT\OOS\listOfTrades_USDCAD_30_2.34.141_BUY_M15_OOS.csv,0.1,6.2,62.0,734.08,0.0,734.08,6.2,6.2,4971.779999999999
914,USDCAD,BUY,2024-11-20 08:45:00+00:00,2024-11-20 10:11:40+00:00,1.3952,1.39663,9.74,9.74,2.34.141,DEMO,OOS,0.0,0.1,0.1,DEMO_ACCOUNT,0.1,C:\Users\Leon\Desktop\QUANT\Data_Center\Data\2_Baseline\Trades\Backtest\DEMO_ACCOUNT\OOS\listOfTrades_USDCAD_30_2.34.141_BUY_M15_OOS.csv,0.1,6.2,62.0,603.88,0.0,603.88,6.2,6.2,5575.659999999999
916,USDCAD,BUY,2024-11-21 06:15:00+00:00,2024-11-21 23:45:00+00:00,1.39668,1.39739,4.58,4.58,2.34.141,DEMO,OOS,0.0,0.1,0.1,DEMO_ACCOUNT,0.1,C:\Users\Leon\Desktop\QUANT\Data_Center\Data\2_Baseline\Trades\Backtest\DEMO_ACCOUNT\OOS\listOfTrades_USDCAD_30_2.34.141_BUY_M15_OOS.csv,0.1,6.2,62.0,283.96,0.0,283.96,6.2,6.2,5859.619999999999
918,USDCAD,BUY,2024-11-26 06:15:00+00:00,2024-11-26 23:45:00+00:00,1.40917,1.40554,-26.33,-26.33,2.34.141,DEMO,OOS,0.0,0.1,0.1,DEMO_ACCOUNT,0.1,C:\Users\Leon\Desktop\QUANT\Data_Center\Data\2_Baseline\Trades\Backtest\DEMO_ACCOUNT\OOS\listOfTrades_USDCAD_30_2.34.141_BUY_M15_OOS.csv,0.1,6.2,62.0,-1632.4599999999998,0.0,-1632.4599999999998,6.2,6.2,4227.159999999999
920,USDCAD,BUY,2024-11-28 12:30:00+00:00,2024-11-28 23:45:00+00:00,1.40042,1.40109,4.28,4.28,2.34.141,DEMO,OOS,0.0,0.1,0.1,DEMO_ACCOUNT,0.1,C:\Users\Leon\Desktop\QUANT\Data_Center\Data\2_Baseline\Trades\Backtest\DEMO_ACCOUNT\OOS\listOfTrades_USDCAD_30_2.34.141_BUY_M15_OOS.csv,0.1,6.2,62.0,265.36,0.0,265.36,6.2,6.2,4492.519999999999
922,USDCAD,BUY,2024-11-29 02:30:00+00:00,2024-11-29 14:45:40+00:00,1.40062,1.40184,8.2,8.2,2.34.141,DEMO,OOS,0.0,0.1,0.1,DEMO_ACCOUNT,0.1,C:\Users\Leon\Desktop\QUANT\Data_Center\Data\2_Baseline\Trades\Backtest\DEMO_ACCOUNT\OOS\listOfTrades_USDCAD_30_2.34.141_BUY_M15_OOS.csv,0.1,6.2,62.0,508.4,0.0,508.4,6.2,6.2,5000.919999999998
924,USDCAD,BUY,2024-12-02 12:15:00+00:00,2024-12-02 16:36:40+00:00,1.40261,1.40515,17.58,17.58,2.34.141,DEMO,OOS,0.0,0.1,0.1,DEMO_ACCOUNT,0.1,C:\Users\Leon\Desktop\QUANT\Data_Center\Data\2_Baseline\Trades\Backtest\DEMO_ACCOUNT\OOS\listOfTrades_USDCAD_30_2.34.141_BUY_M15_OOS.csv,0.1,6.2,62.0,1089.9599999999998,0.0,1089.9599999999998,6.2,6.2,6090.879999999998
926,USDCAD,BUY,2024-12-03 09:15:00+00:00,2024-12-03 17:11:40+00:00,1.40382,1.40579,13.51,13.51,2.34.141,DEMO,OOS,0.0,0.1,0.1,DEMO_ACCOUNT,0.1,C:\Users\Leon\Desktop\QUANT\Data_Center\Data\2_Baseline\Trades\Backtest\DEMO_ACCOUNT\OOS\listOfTrades_USDCAD_30_2.34.141_BUY_M15_OOS.csv,0.1,6.2,62.0,837.62,0.0,837.62,6.2,6.2,6928.499999999998
928,USDCAD,BUY,2024-12-04 07:00:00+00:00,2024-12-04 23:45:00+00:00,1.40644,1.40716,4.62,4.62,2.34.141,DEMO,OOS,0.0,0.1,0.1,DEMO_ACCOUNT,0.1,C:\Users\Leon\Desktop\QUANT\Data_Center\Data\2_Baseline\Trades\Backtest\DEMO_ACCOUNT\OOS\listOfTrades_USDCAD_30_2.34.141_BUY_M15_OOS.csv,0.1,6.2,62.0,286.44,0.0,286.44,6.2,6.2,7214.939999999998
930,USDCAD,BUY,2024-12-09 11:15:00+00:00,2024-12-09 21:52:40+00:00,1.41433,1.41627,13.2,13.2,2.34.141,DEMO,OOS,0.0,0.1,0.1,DEMO_ACCOUNT,0.1,C:\Users\Leon\Desktop\QUANT\Data_Center\Data\2_Baseline\Trades\Backtest\DEMO_ACCOUNT\OOS\listOfTrades_USDCAD_30_2.34.141_BUY_M15_OOS.csv,0.1,6.2,62.0,818.4,0.0,818.4,6.2,6.2,8033.339999999997
932,USDCAD,BUY,2024-12-10 09:00:00+00:00,2024-12-10 09:59:40+00:00,1.41681,1.41854,11.7,11.7,2.34.141,DEMO,OOS,0.0,0.1,0.1,DEMO_ACCOUNT,0.1,C:\Users\Leon\Desktop\QUANT\Data_Center\Data\2_Baseline\Trades\Backtest\DEMO_ACCOUNT\OOS\listOfTrades_USDCAD_30_2.34.141_BUY_M15_OOS.csv,0.1,6.2,62.0,725.4,0.0,725.4,6.2,6.2,8758.739999999998
934,USDCAD,BUY,2024-12-11 03:30:00+00:00,2024-12-11 09:35:40+00:00,1.41679,1.41835,10.5,10.5,2.34.141,DEMO,OOS,0.0,0.1,0.1,DEMO_ACCOUNT,0.1,C:\Users\Leon\Desktop\QUANT\Data_Center\Data\2_Baseline\Trades\Backtest\DEMO_ACCOUNT\OOS\listOfTrades_USDCAD_30_2.34.141_BUY_M15_OOS.csv,0.1,6.2,62.0,651.0,0.0,651.0,6.2,6.2,9409.739999999998
936,USDCAD,BUY,2024-12-12 09:15:00+00:00,2024-12-12 14:00:40+00:00,1.41373,1.41548,11.86,11.86,2.34.141,DEMO,OOS,0.0,0.1,0.1,DEMO_ACCOUNT,0.1,C:\Users\Leon\Desktop\QUANT\Data_Center\Data\2_Baseline\Trades\Backtest\DEMO_ACCOUNT\OOS\listOfTrades_USDCAD_30_2.34.141_BUY_M15_OOS.csv,0.1,6.2,62.0,735.3199999999999,0.0,735.3199999999999,6.2,6.2,10145.059999999998
938,USDCAD,BUY,2024-12-13 13:15:00+00:00,2024-12-13 17:00:40+00:00,1.42187,1.42368,12.21,12.21,2.34.141,DEMO,OOS,0.0,0.1,0.1,DEMO_ACCOUNT,0.1,C:\Users\Leon\Desktop\QUANT\Data_Center\Data\2_Baseline\Trades\Backtest\DEMO_ACCOUNT\OOS\listOfTrades_USDCAD_30_2.34.141_BUY_M15_OOS.csv,0.1,6.2,62.0,757.0200000000001,0.0,757.0200000000001,6.2,6.2,10902.079999999998
940,USDCAD,BUY,2024-12-16 02:15:00+00:00,2024-12-16 12:53:40+00:00,1.422,1.42398,13.4,13.4,2.34.141,DEMO,OOS,0.0,0.1,0.1,DEMO_ACCOUNT,0.1,C:\Users\Leon\Desktop\QUANT\Data_Center\Data\2_Baseline\Trades\Backtest\DEMO_ACCOUNT\OOS\listOfTrades_USDCAD_30_2.34.141_BUY_M15_OOS.csv,0.1,6.2,62.0,830.8000000000001,0.0,830.8000000000001,6.2,6.2,11732.879999999997
942,USDCAD,BUY,2024-12-19 09:30:00+00:00,2024-12-19 16:38:40+00:00,1.4427,1.4347,-56.26,-56.26,2.34.141,DEMO,OOS,0.0,0.1,0.1,DEMO_ACCOUNT,0.1,C:\Users\Leon\Desktop\QUANT\Data_Center\Data\2_Baseline\Trades\Backtest\DEMO_ACCOUNT\OOS\listOfTrades_USDCAD_30_2.34.141_BUY_M15_OOS.csv,0.1,6.2,62.0,-3488.12,0.0,-3488.12,6.2,6.2,8244.759999999998
944,USDCAD,BUY,2024-12-20 08:30:00+00:00,2024-12-20 23:45:00+00:00,1.44077,1.43718,-25.48,-25.48,2.34.141,DEMO,OOS,0.0,0.1,0.1,DEMO_ACCOUNT,0.1,C:\Users\Leon\Desktop\QUANT\Data_Center\Data\2_Baseline\Trades\Backtest\DEMO_ACCOUNT\OOS\listOfTrades_USDCAD_30_2.34.141_BUY_M15_OOS.csv,0.1,6.2,62.0,-1579.76,0.0,-1579.76,6.2,6.2,6664.999999999998
946,USDCAD,BUY,2024-12-27 06:45:00+00:00,2024-12-27 17:17:40+00:00,1.44079,1.44199,7.82,7.82,2.34.141,DEMO,OOS,0.0,0.1,0.1,DEMO_ACCOUNT,0.1,C:\Users\Leon\Desktop\QUANT\Data_Center\Data\2_Baseline\Trades\Backtest\DEMO_ACCOUNT\OOS\listOfTrades_USDCAD_30_2.34.141_BUY_M15_OOS.csv,0.1,6.2,62.0,484.84000000000003,0.0,484.84000000000003,6.2,6.2,7149.839999999998
948,USDCAD,BUY,2025-01-06 09:30:00+00:00,2025-01-06 13:54:40+00:00,1.43883,1.43083,-56.41,-56.41,2.34.141,DEMO,OOS,0.0,0.1,0.1,DEMO_ACCOUNT,0.1,C:\Users\Leon\Desktop\QUANT\Data_Center\Data\2_Baseline\Trades\Backtest\DEMO_ACCOUNT\OOS\listOfTrades_USDCAD_30_2.34.141_BUY_M15_OOS.csv,0.1,6.2,62.0,-3497.4199999999996,0.0,-3497.4199999999996,6.2,6.2,3652.4199999999987
950,USDCAD,BUY,2025-01-07 07:15:00+00:00,2025-01-07 17:00:40+00:00,1.43213,1.43408,13.1,13.1,2.34.141,DEMO,OOS,0.0,0.1,0.1,DEMO_ACCOUNT,0.1,C:\Users\Leon\Desktop\QUANT\Data_Center\Data\2_Baseline\Trades\Backtest\DEMO_ACCOUNT\OOS\listOfTrades_USDCAD_30_2.34.141_BUY_M15_OOS.csv,0.1,6.2,62.0,812.1999999999999,0.0,812.1999999999999,6.2,6.2,4464.619999999999
952,USDCAD,BUY,2025-01-10 16:30:00+00:00,2025-01-10 17:11:40+00:00,1.43769,1.44124,24.13,24.13,2.34.141,DEMO,OOS,0.0,0.1,0.1,DEMO_ACCOUNT,0.1,C:\Users\Leon\Desktop\QUANT\Data_Center\Data\2_Baseline\Trades\Backtest\DEMO_ACCOUNT\OOS\listOfTrades_USDCAD_30_2.34.141_BUY_M15_OOS.csv,0.1,6.2,62.0,1496.06,0.0,1496.06,6.2,6.2,5960.6799999999985
954,USDCAD,BUY,2025-01-13 15:00:00+00:00,2025-01-13 23:45:00+00:00,1.44164,1.43873,-20.73,-20.73,2.34.141,DEMO,OOS,0.0,0.1,0.1,DEMO_ACCOUNT,0.1,C:\Users\Leon\Desktop\QUANT\Data_Center\Data\2_Baseline\Trades\Backtest\DEMO_ACCOUNT\OOS\listOfTrades_USDCAD_30_2.34.141_BUY_M15_OOS.csv,0.1,6.2,62.0,-1285.26,0.0,-1285.26,6.2,6.2,4675.419999999998
956,USDCAD,BUY,2025-01-14 06:45:00+00:00,2025-01-14 14:19:20+00:00,1.43734,1.4397,15.89,15.89,2.34.141,DEMO,OOS,0.0,0.1,0.1,DEMO_ACCOUNT,0.1,C:\Users\Leon\Desktop\QUANT\Data_Center\Data\2_Baseline\Trades\Backtest\DEMO_ACCOUNT\OOS\listOfTrades_USDCAD_30_2.34.141_BUY_M15_OOS.csv,0.1,6.2,62.0,985.1800000000001,0.0,985.1800000000001,6.2,6.2,5660.5999999999985
958,USDCAD,BUY,2025-01-15 09:45:00+00:00,2025-01-15 14:49:40+00:00,1.43485,1.43648,10.85,10.85,2.34.141,DEMO,OOS,0.0,0.1,0.1,DEMO_ACCOUNT,0.1,C:\Users\Leon\Desktop\QUANT\Data_Center\Data\2_Baseline\Trades\Backtest\DEMO_ACCOUNT\OOS\listOfTrades_USDCAD_30_2.34.141_BUY_M15_OOS.csv,0.1,6.2,62.0,672.6999999999999,0.0,672.6999999999999,6.2,6.2,6333.299999999998
960,USDCAD,BUY,2025-01-20 06:15:00+00:00,2025-01-20 11:11:40+00:00,1.44445,1.44667,14.85,14.85,2.34.141,DEMO,OOS,0.0,0.1,0.1,DEMO_ACCOUNT,0.1,C:\Users\Leon\Desktop\QUANT\Data_Center\Data\2_Baseline\Trades\Backtest\DEMO_ACCOUNT\OOS\listOfTrades_USDCAD_30_2.34.141_BUY_M15_OOS.csv,0.1,6.2,62.0,920.6999999999999,0.0,920.6999999999999,6.2,6.2,7253.999999999998
962,USDCAD,BUY,2025-01-21 03:15:00+00:00,2025-01-21 18:21:40+00:00,1.44441,1.43641,-56.19,-56.19,2.34.141,DEMO,OOS,0.0,0.1,0.1,DEMO_ACCOUNT,0.1,C:\Users\Leon\Desktop\QUANT\Data_Center\Data\2_Baseline\Trades\Backtest\DEMO_ACCOUNT\OOS\listOfTrades_USDCAD_30_2.34.141_BUY_M15_OOS.csv,0.1,6.2,62.0,-3483.7799999999997,0.0,-3483.7799999999997,6.2,6.2,3770.2199999999984
964,USDCAD,BUY,2025-01-23 16:45:00+00:00,2025-01-23 23:45:00+00:00,1.43796,1.43766,-2.59,-2.59,2.34.141,DEMO,OOS,0.0,0.1,0.1,DEMO_ACCOUNT,0.1,C:\Users\Leon\Desktop\QUANT\Data_Center\Data\2_Baseline\Trades\Backtest\DEMO_ACCOUNT\OOS\listOfTrades_USDCAD_30_2.34.141_BUY_M15_OOS.csv,0.1,6.2,62.0,-160.57999999999998,0.0,-160.57999999999998,6.2,6.2,3609.6399999999985
966,USDCAD,BUY,2025-01-31 08:30:00+00:00,2025-01-31 16:08:40+00:00,1.44711,1.45016,20.53,20.53,2.34.141,DEMO,OOS,0.0,0.1,0.1,DEMO_ACCOUNT,0.1,C:\Users\Leon\Desktop\QUANT\Data_Center\Data\2_Baseline\Trades\Backtest\DEMO_ACCOUNT\OOS\listOfTrades_USDCAD_30_2.34.141_BUY_M15_OOS.csv,0.1,6.2,62.0,1272.8600000000001,0.0,1272.8600000000001,6.2,6.2,4882.499999999998
968,USDCAD,BUY,2025-02-03 08:45:00+00:00,2025-02-03 15:04:40+00:00,1.47047,1.46247,-55.2,-55.2,2.34.141,DEMO,OOS,0.0,0.1,0.1,DEMO_ACCOUNT,0.1,C:\Users\Leon\Desktop\QUANT\Data_Center\Data\2_Baseline\Trades\Backtest\DEMO_ACCOUNT\OOS\listOfTrades_USDCAD_30_2.34.141_BUY_M15_OOS.csv,0.1,6.2,62.0,-3422.4,0.0,-3422.4,6.2,6.2,1460.099999999998
970,USDCAD,BUY,2025-02-04 09:45:00+00:00,2025-02-04 17:00:40+00:00,1.44375,1.43575,-56.22,-56.22,2.34.141,DEMO,OOS,0.0,0.1,0.1,DEMO_ACCOUNT,0.1,C:\Users\Leon\Desktop\QUANT\Data_Center\Data\2_Baseline\Trades\Backtest\DEMO_ACCOUNT\OOS\listOfTrades_USDCAD_30_2.34.141_BUY_M15_OOS.csv,0.1,6.2,62.0,-3485.64,0.0,-3485.64,6.2,6.2,-2025.5400000000018
972,USDCAD,BUY,2025-02-05 10:00:00+00:00,2025-02-05 23:45:00+00:00,1.431,1.43147,2.78,2.78,2.34.141,DEMO,OOS,0.0,0.1,0.1,DEMO_ACCOUNT,0.1,C:\Users\Leon\Desktop\QUANT\Data_Center\Data\2_Baseline\Trades\Backtest\DEMO_ACCOUNT\OOS\listOfTrades_USDCAD_30_2.34.141_BUY_M15_OOS.csv,0.1,6.2,62.0,172.35999999999999,0.0,172.35999999999999,6.2,6.2,-1853.1800000000019
974,USDCAD,BUY,2025-02-06 00:15:30+00:00,2025-02-06 06:52:40+00:00,1.43169,1.43499,22.5,22.5,2.34.141,DEMO,OOS,0.0,0.1,0.1,DEMO_ACCOUNT,0.1,C:\Users\Leon\Desktop\QUANT\Data_Center\Data\2_Baseline\Trades\Backtest\DEMO_ACCOUNT\OOS\listOfTrades_USDCAD_30_2.34.141_BUY_M15_OOS.csv,0.1,6.2,62.0,1395.0,0.0,1395.0,6.2,6.2,-458.1800000000019
976,USDCAD,BUY,2025-02-07 03:15:00+00:00,2025-02-07 13:41:40+00:00,1.43136,1.43354,14.71,14.71,2.34.141,DEMO,OOS,0.0,0.1,0.1,DEMO_ACCOUNT,0.1,C:\Users\Leon\Desktop\QUANT\Data_Center\Data\2_Baseline\Trades\Backtest\DEMO_ACCOUNT\OOS\listOfTrades_USDCAD_30_2.34.141_BUY_M15_OOS.csv,0.1,6.2,62.0,912.0200000000001,0.0,912.0200000000001,6.2,6.2,453.8399999999982
978,USDCAD,BUY,2025-02-10 11:15:00+00:00,2025-02-10 23:45:00+00:00,1.43189,1.43095,-7.07,-7.07,2.34.141,DEMO,OOS,0.0,0.1,0.1,DEMO_ACCOUNT,0.1,C:\Users\Leon\Desktop\QUANT\Data_Center\Data\2_Baseline\Trades\Backtest\DEMO_ACCOUNT\OOS\listOfTrades_USDCAD_30_2.34.141_BUY_M15_OOS.csv,0.1,6.2,62.0,-438.34000000000003,0.0,-438.34000000000003,6.2,6.2,15.499999999998181
980,USDCAD,BUY,2025-02-14 08:45:00+00:00,2025-02-14 23:45:00+00:00,1.41802,1.41747,-4.38,-4.38,2.34.141,DEMO,OOS,0.0,0.1,0.1,DEMO_ACCOUNT,0.1,C:\Users\Leon\Desktop\QUANT\Data_Center\Data\2_Baseline\Trades\Backtest\DEMO_ACCOUNT\OOS\listOfTrades_USDCAD_30_2.34.141_BUY_M15_OOS.csv,0.1,6.2,62.0,-271.56,0.0,-271.56,6.2,6.2,-256.0600000000018
982,USDCAD,BUY,2025-02-17 02:00:00+00:00,2025-02-17 23:45:00+00:00,1.41817,1.41829,0.35,0.35,2.34.141,DEMO,OOS,0.0,0.1,0.1,DEMO_ACCOUNT,0.1,C:\Users\Leon\Desktop\QUANT\Data_Center\Data\2_Baseline\Trades\Backtest\DEMO_ACCOUNT\OOS\listOfTrades_USDCAD_30_2.34.141_BUY_M15_OOS.csv,0.1,6.2,62.0,21.7,0.0,21.7,6.2,6.2,-234.36000000000183
984,USDCAD,BUY,2025-02-27 09:45:00+00:00,2025-02-27 14:59:40+00:00,1.4339,1.43589,13.36,13.36,2.34.141,DEMO,OOS,0.0,0.1,0.1,DEMO_ACCOUNT,0.1,C:\Users\Leon\Desktop\QUANT\Data_Center\Data\2_Baseline\Trades\Backtest\DEMO_ACCOUNT\OOS\listOfTrades_USDCAD_30_2.34.141_BUY_M15_OOS.csv,0.1,6.2,62.0,828.3199999999999,0.0,828.3199999999999,6.2,6.2,593.9599999999981
986,USDCAD,BUY,2025-02-28 14:15:00+00:00,2025-02-28 20:16:40+00:00,1.4427,1.44487,14.52,14.52,2.34.141,DEMO,OOS,0.0,0.1,0.1,DEMO_ACCOUNT,0.1,C:\Users\Leon\Desktop\QUANT\Data_Center\Data\2_Baseline\Trades\Backtest\DEMO_ACCOUNT\OOS\listOfTrades_USDCAD_30_2.34.141_BUY_M15_OOS.csv,0.1,6.2,62.0,900.24,0.0,900.24,6.2,6.2,1494.199999999998
988,USDCAD,BUY,2025-03-03 21:45:00+00:00,2025-03-03 21:51:40+00:00,1.44285,1.44713,29.08,29.08,2.34.141,DEMO,OOS,0.0,0.1,0.1,DEMO_ACCOUNT,0.1,C:\Users\Leon\Desktop\QUANT\Data_Center\Data\2_Baseline\Trades\Backtest\DEMO_ACCOUNT\OOS\listOfTrades_USDCAD_30_2.34.141_BUY_M15_OOS.csv,0.1,6.2,62.0,1802.9599999999998,0.0,1802.9599999999998,6.2,6.2,3297.159999999998
990,USDCAD,BUY,2025-03-04 08:30:00+00:00,2025-03-04 18:08:40+00:00,1.44776,1.45156,25.68,25.68,2.34.141,DEMO,OOS,0.0,0.1,0.1,DEMO_ACCOUNT,0.1,C:\Users\Leon\Desktop\QUANT\Data_Center\Data\2_Baseline\Trades\Backtest\DEMO_ACCOUNT\OOS\listOfTrades_USDCAD_30_2.34.141_BUY_M15_OOS.csv,0.1,6.2,62.0,1592.16,0.0,1592.16,6.2,6.2,4889.319999999998
992,USDCAD,BUY,2025-03-11 11:00:00+00:00,2025-03-11 17:01:40+00:00,1.44142,1.44464,21.79,21.79,2.34.141,DEMO,OOS,0.0,0.1,0.1,DEMO_ACCOUNT,0.1,C:\Users\Leon\Desktop\QUANT\Data_Center\Data\2_Baseline\Trades\Backtest\DEMO_ACCOUNT\OOS\listOfTrades_USDCAD_30_2.34.141_BUY_M15_OOS.csv,0.1,6.2,62.0,1350.98,0.0,1350.98,6.2,6.2,6240.299999999997
994,USDCAD,BUY,2025-03-14 09:45:00+00:00,2025-03-14 23:45:00+00:00,1.44216,1.4358,-44.8,-44.8,2.34.141,DEMO,OOS,0.0,0.1,0.1,DEMO_ACCOUNT,0.1,C:\Users\Leon\Desktop\QUANT\Data_Center\Data\2_Baseline\Trades\Backtest\DEMO_ACCOUNT\OOS\listOfTrades_USDCAD_30_2.34.141_BUY_M15_OOS.csv,0.1,6.2,62.0,-2777.6,0.0,-2777.6,6.2,6.2,3462.6999999999975
996,USDCAD,BUY,2025-03-17 11:00:00+00:00,2025-03-17 19:12:40+00:00,1.43633,1.42833,-56.51,-56.51,2.34.141,DEMO,OOS,0.0,0.1,0.1,DEMO_ACCOUNT,0.1,C:\Users\Leon\Desktop\QUANT\Data_Center\Data\2_Baseline\Trades\Backtest\DEMO_ACCOUNT\OOS\listOfTrades_USDCAD_30_2.34.141_BUY_M15_OOS.csv,0.1,6.2,62.0,-3503.62,0.0,-3503.62,6.2,6.2,-40.92000000000235
998,USDCAD,BUY,2025-03-18 11:15:00+00:00,2025-03-18 17:03:20+00:00,1.42831,1.42997,11.11,11.11,2.34.141,DEMO,OOS,0.0,0.1,0.1,DEMO_ACCOUNT,0.1,C:\Users\Leon\Desktop\QUANT\Data_Center\Data\2_Baseline\Trades\Backtest\DEMO_ACCOUNT\OOS\listOfTrades_USDCAD_30_2.34.141_BUY_M15_OOS.csv,0.1,6.2,62.0,688.8199999999999,0.0,688.8199999999999,6.2,6.2,647.8999999999976
1000,USDCAD,BUY,2025-03-26 06:45:00+00:00,2025-03-26 20:21:40+00:00,1.4272,1.42911,12.86,12.86,2.34.141,DEMO,OOS,0.0,0.1,0.1,DEMO_ACCOUNT,0.1,C:\Users\Leon\Desktop\QUANT\Data_Center\Data\2_Baseline\Trades\Backtest\DEMO_ACCOUNT\OOS\listOfTrades_USDCAD_30_2.34.141_BUY_M15_OOS.csv,0.1,6.2,62.0,797.3199999999999,0.0,797.3199999999999,6.2,6.2,1445.2199999999975
1002,USDCAD,BUY,2025-03-28 16:15:00+00:00,2025-03-28 17:37:40+00:00,1.43007,1.43234,15.35,15.35,2.34.141,DEMO,OOS,0.0,0.1,0.1,DEMO_ACCOUNT,0.1,C:\Users\Leon\Desktop\QUANT\Data_Center\Data\2_Baseline\Trades\Backtest\DEMO_ACCOUNT\OOS\listOfTrades_USDCAD_30_2.34.141_BUY_M15_OOS.csv,0.1,6.2,62.0,951.6999999999999,0.0,951.6999999999999,6.2,6.2,2396.9199999999973
1004,USDCAD,BUY,2025-04-01 07:15:00+00:00,2025-04-01 09:28:40+00:00,1.43786,1.43975,12.63,12.63,2.34.141,DEMO,OOS,0.0,0.1,0.1,DEMO_ACCOUNT,0.1,C:\Users\Leon\Desktop\QUANT\Data_Center\Data\2_Baseline\Trades\Backtest\DEMO_ACCOUNT\OOS\listOfTrades_USDCAD_30_2.34.141_BUY_M15_OOS.csv,0.1,6.2,62.0,783.0600000000001,0.0,783.0600000000001,6.2,6.2,3179.9799999999973
1006,USDCAD,BUY,2025-04-03 00:15:00+00:00,2025-04-03 01:15:40+00:00,1.42304,1.43073,53.25,53.25,2.34.141,DEMO,OOS,0.0,0.1,0.1,DEMO_ACCOUNT,0.1,C:\Users\Leon\Desktop\QUANT\Data_Center\Data\2_Baseline\Trades\Backtest\DEMO_ACCOUNT\OOS\listOfTrades_USDCAD_30_2.34.141_BUY_M15_OOS.csv,0.1,6.2,62.0,3301.5,0.0,3301.5,6.2,6.2,6481.479999999998
1008,USDCAD,BUY,2025-04-07 08:00:00+00:00,2025-04-07 15:07:40+00:00,1.42163,1.42729,39.16,39.16,2.34.141,DEMO,OOS,0.0,0.1,0.1,DEMO_ACCOUNT,0.1,C:\Users\Leon\Desktop\QUANT\Data_Center\Data\2_Baseline\Trades\Backtest\DEMO_ACCOUNT\OOS\listOfTrades_USDCAD_30_2.34.141_BUY_M15_OOS.csv,0.1,6.2,62.0,2427.9199999999996,0.0,2427.9199999999996,6.2,6.2,8909.399999999998
1010,USDCAD,BUY,2025-04-08 15:30:00+00:00,2025-04-08 18:13:40+00:00,1.41627,1.42041,28.65,28.65,2.34.141,DEMO,OOS,0.0,0.1,0.1,DEMO_ACCOUNT,0.1,C:\Users\Leon\Desktop\QUANT\Data_Center\Data\2_Baseline\Trades\Backtest\DEMO_ACCOUNT\OOS\listOfTrades_USDCAD_30_2.34.141_BUY_M15_OOS.csv,0.1,6.2,62.0,1776.3,0.0,1776.3,6.2,6.2,10685.699999999997
1012,USDCAD,BUY,2025-04-11 10:45:00+00:00,2025-04-11 23:45:00+00:00,1.39072,1.3876,-22.98,-22.98,2.34.141,DEMO,OOS,0.0,0.1,0.1,DEMO_ACCOUNT,0.1,C:\Users\Leon\Desktop\QUANT\Data_Center\Data\2_Baseline\Trades\Backtest\DEMO_ACCOUNT\OOS\listOfTrades_USDCAD_30_2.34.141_BUY_M15_OOS.csv,0.1,6.2,62.0,-1424.76,0.0,-1424.76,6.2,6.2,9260.939999999997
1014,USDCAD,BUY,2025-04-14 09:45:00+00:00,2025-04-14 15:12:40+00:00,1.38377,1.38785,28.9,28.9,2.34.141,DEMO,OOS,0.0,0.1,0.1,DEMO_ACCOUNT,0.1,C:\Users\Leon\Desktop\QUANT\Data_Center\Data\2_Baseline\Trades\Backtest\DEMO_ACCOUNT\OOS\listOfTrades_USDCAD_30_2.34.141_BUY_M15_OOS.csv,0.1,6.2,62.0,1791.8,0.0,1791.8,6.2,6.2,11052.739999999996
1016,USDCAD,BUY,2025-04-16 06:45:00+00:00,2025-04-16 22:57:40+00:00,1.39422,1.38622,-58.21,-58.21,2.34.141,DEMO,OOS,0.0,0.1,0.1,DEMO_ACCOUNT,0.1,C:\Users\Leon\Desktop\QUANT\Data_Center\Data\2_Baseline\Trades\Backtest\DEMO_ACCOUNT\OOS\listOfTrades_USDCAD_30_2.34.141_BUY_M15_OOS.csv,0.1,6.2,62.0,-3609.02,0.0,-3609.02,6.2,6.2,7443.719999999996
1018,USDCAD,BUY,2025-04-21 00:45:00+00:00,2025-04-21 23:45:00+00:00,1.38523,1.38363,-12.06,-12.06,2.34.141,DEMO,OOS,0.0,0.1,0.1,DEMO_ACCOUNT,0.1,C:\Users\Leon\Desktop\QUANT\Data_Center\Data\2_Baseline\Trades\Backtest\DEMO_ACCOUNT\OOS\listOfTrades_USDCAD_30_2.34.141_BUY_M15_OOS.csv,0.1,6.2,62.0,-747.72,0.0,-747.72,6.2,6.2,6695.999999999995
1020,USDCAD,BUY,2025-04-22 06:15:00+00:00,2025-04-22 12:57:40+00:00,1.38163,1.38388,15.76,15.76,2.34.141,DEMO,OOS,0.0,0.1,0.1,DEMO_ACCOUNT,0.1,C:\Users\Leon\Desktop\QUANT\Data_Center\Data\2_Baseline\Trades\Backtest\DEMO_ACCOUNT\OOS\listOfTrades_USDCAD_30_2.34.141_BUY_M15_OOS.csv,0.1,6.2,62.0,977.12,0.0,977.12,6.2,6.2,7673.119999999995
1022,USDCAD,BUY,2025-04-24 10:00:00+00:00,2025-04-24 17:49:40+00:00,1.38565,1.38783,15.21,15.21,2.34.141,DEMO,OOS,0.0,0.1,0.1,DEMO_ACCOUNT,0.1,C:\Users\Leon\Desktop\QUANT\Data_Center\Data\2_Baseline\Trades\Backtest\DEMO_ACCOUNT\OOS\listOfTrades_USDCAD_30_2.34.141_BUY_M15_OOS.csv,0.1,6.2,62.0,943.0200000000001,0.0,943.0200000000001,6.2,6.2,8616.139999999996
1024,USDCAD,BUY,2025-04-30 09:30:00+00:00,2025-04-30 10:33:20+00:00,1.38197,1.38373,12.22,12.22,2.34.141,DEMO,OOS,0.0,0.1,0.1,DEMO_ACCOUNT,0.1,C:\Users\Leon\Desktop\QUANT\Data_Center\Data\2_Baseline\Trades\Backtest\DEMO_ACCOUNT\OOS\listOfTrades_USDCAD_30_2.34.141_BUY_M15_OOS.csv,0.1,6.2,62.0,757.64,0.0,757.64,6.2,6.2,9373.779999999995
1026,USDCAD,BUY,2025-05-02 06:30:00+00:00,2025-05-02 23:45:00+00:00,1.38245,1.38116,-9.84,-9.84,2.34.141,DEMO,OOS,0.0,0.1,0.1,DEMO_ACCOUNT,0.1,C:\Users\Leon\Desktop\QUANT\Data_Center\Data\2_Baseline\Trades\Backtest\DEMO_ACCOUNT\OOS\listOfTrades_USDCAD_30_2.34.141_BUY_M15_OOS.csv,0.1,6.2,62.0,-610.08,0.0,-610.08,6.2,6.2,8763.699999999995
1028,USDCAD,BUY,2025-05-09 07:15:00+00:00,2025-05-09 18:17:40+00:00,1.39172,1.39365,13.35,13.35,2.34.141,DEMO,OOS,0.0,0.1,0.1,DEMO_ACCOUNT,0.1,C:\Users\Leon\Desktop\QUANT\Data_Center\Data\2_Baseline\Trades\Backtest\DEMO_ACCOUNT\OOS\listOfTrades_USDCAD_30_2.34.141_BUY_M15_OOS.csv,0.1,6.2,62.0,827.6999999999999,0.0,827.6999999999999,6.2,6.2,9591.399999999996
1030,USDCAD,BUY,2025-05-12 00:15:00+00:00,2025-05-12 10:15:40+00:00,1.39145,1.39422,19.37,19.37,2.34.141,DEMO,OOS,0.0,0.1,0.1,DEMO_ACCOUNT,0.1,C:\Users\Leon\Desktop\QUANT\Data_Center\Data\2_Baseline\Trades\Backtest\DEMO_ACCOUNT\OOS\listOfTrades_USDCAD_30_2.34.141_BUY_M15_OOS.csv,0.1,6.2,62.0,1200.94,0.0,1200.94,6.2,6.2,10792.339999999997
1032,USDCAD,BUY,2025-05-13 06:15:00+00:00,2025-05-13 11:26:40+00:00,1.39725,1.39904,12.29,12.29,2.34.141,DEMO,OOS,0.0,0.1,0.1,DEMO_ACCOUNT,0.1,C:\Users\Leon\Desktop\QUANT\Data_Center\Data\2_Baseline\Trades\Backtest\DEMO_ACCOUNT\OOS\listOfTrades_USDCAD_30_2.34.141_BUY_M15_OOS.csv,0.1,6.2,62.0,761.9799999999999,0.0,761.9799999999999,6.2,6.2,11554.319999999996
1034,USDCAD,BUY,2025-05-14 06:45:00+00:00,2025-05-14 15:02:20+00:00,1.39209,1.39405,13.56,13.56,2.34.141,DEMO,OOS,0.0,0.1,0.1,DEMO_ACCOUNT,0.1,C:\Users\Leon\Desktop\QUANT\Data_Center\Data\2_Baseline\Trades\Backtest\DEMO_ACCOUNT\OOS\listOfTrades_USDCAD_30_2.34.141_BUY_M15_OOS.csv,0.1,6.2,62.0,840.72,0.0,840.72,6.2,6.2,12395.039999999995
1036,USDCAD,BUY,2025-05-16 00:15:00+00:00,2025-05-16 18:03:40+00:00,1.39621,1.39866,17.02,17.02,2.34.141,DEMO,OOS,0.0,0.1,0.1,DEMO_ACCOUNT,0.1,C:\Users\Leon\Desktop\QUANT\Data_Center\Data\2_Baseline\Trades\Backtest\DEMO_ACCOUNT\OOS\listOfTrades_USDCAD_30_2.34.141_BUY_M15_OOS.csv,0.1,6.2,62.0,1055.24,0.0,1055.24,6.2,6.2,13450.279999999995
1038,USDCAD,BUY,2025-05-20 00:15:30+00:00,2025-05-20 23:45:00+00:00,1.39505,1.39155,-25.65,-25.65,2.34.141,DEMO,OOS,0.0,0.1,0.1,DEMO_ACCOUNT,0.1,C:\Users\Leon\Desktop\QUANT\Data_Center\Data\2_Baseline\Trades\Backtest\DEMO_ACCOUNT\OOS\listOfTrades_USDCAD_30_2.34.141_BUY_M15_OOS.csv,0.1,6.2,62.0,-1590.3,0.0,-1590.3,6.2,6.2,11859.979999999996
1040,USDCAD,BUY,2025-05-21 12:00:00+00:00,2025-05-21 20:07:40+00:00,1.38943,1.38143,-58.41,-58.41,2.34.141,DEMO,OOS,0.0,0.1,0.1,DEMO_ACCOUNT,0.1,C:\Users\Leon\Desktop\QUANT\Data_Center\Data\2_Baseline\Trades\Backtest\DEMO_ACCOUNT\OOS\listOfTrades_USDCAD_30_2.34.141_BUY_M15_OOS.csv,0.1,6.2,62.0,-3621.4199999999996,0.0,-3621.4199999999996,6.2,6.2,8238.559999999996
1042,USDCAD,BUY,2025-05-23 04:15:00+00:00,2025-05-23 17:12:40+00:00,1.38456,1.37656,-58.62,-58.62,2.34.141,DEMO,OOS,0.0,0.1,0.1,DEMO_ACCOUNT,0.1,C:\Users\Leon\Desktop\QUANT\Data_Center\Data\2_Baseline\Trades\Backtest\DEMO_ACCOUNT\OOS\listOfTrades_USDCAD_30_2.34.141_BUY_M15_OOS.csv,0.1,6.2,62.0,-3634.44,0.0,-3634.44,6.2,6.2,4604.119999999995
1044,USDCAD,BUY,2025-05-26 09:45:00+00:00,2025-05-26 10:32:40+00:00,1.36887,1.3711,15.76,15.76,2.34.141,DEMO,OOS,0.0,0.1,0.1,DEMO_ACCOUNT,0.1,C:\Users\Leon\Desktop\QUANT\Data_Center\Data\2_Baseline\Trades\Backtest\DEMO_ACCOUNT\OOS\listOfTrades_USDCAD_30_2.34.141_BUY_M15_OOS.csv,0.1,6.2,62.0,977.12,0.0,977.12,6.2,6.2,5581.239999999995
1046,USDCAD,BUY,2025-05-29 07:45:00+00:00,2025-05-29 23:45:00+00:00,1.3843,1.38082,-25.7,-25.7,2.34.141,DEMO,OOS,0.0,0.1,0.1,DEMO_ACCOUNT,0.1,C:\Users\Leon\Desktop\QUANT\Data_Center\Data\2_Baseline\Trades\Backtest\DEMO_ACCOUNT\OOS\listOfTrades_USDCAD_30_2.34.141_BUY_M15_OOS.csv,0.1,6.2,62.0,-1593.3999999999999,0.0,-1593.3999999999999,6.2,6.2,3987.8399999999956
1048,USDCAD,BUY,2025-06-02 09:45:00+00:00,2025-06-02 23:45:00+00:00,1.37012,1.37125,7.74,7.74,2.34.141,DEMO,OOS,0.0,0.1,0.1,DEMO_ACCOUNT,0.1,C:\Users\Leon\Desktop\QUANT\Data_Center\Data\2_Baseline\Trades\Backtest\DEMO_ACCOUNT\OOS\listOfTrades_USDCAD_30_2.34.141_BUY_M15_OOS.csv,0.1,6.2,62.0,479.88,0.0,479.88,6.2,6.2,4467.719999999996
1050,USDCAD,BUY,2025-06-04 04:45:00+00:00,2025-06-04 09:06:40+00:00,1.37107,1.37284,12.39,12.39,2.34.141,DEMO,OOS,0.0,0.1,0.1,DEMO_ACCOUNT,0.1,C:\Users\Leon\Desktop\QUANT\Data_Center\Data\2_Baseline\Trades\Backtest\DEMO_ACCOUNT\OOS\listOfTrades_USDCAD_30_2.34.141_BUY_M15_OOS.csv,0.1,6.2,62.0,768.1800000000001,0.0,768.1800000000001,6.2,6.2,5235.899999999996
1052,USDCAD,BUY,2025-06-05 10:15:00+00:00,2025-06-05 23:45:00+00:00,1.36614,1.36721,7.33,7.33,2.34.141,DEMO,OOS,0.0,0.1,0.1,DEMO_ACCOUNT,0.1,C:\Users\Leon\Desktop\QUANT\Data_Center\Data\2_Baseline\Trades\Backtest\DEMO_ACCOUNT\OOS\listOfTrades_USDCAD_30_2.34.141_BUY_M15_OOS.csv,0.1,6.2,62.0,454.46,0.0,454.46,6.2,6.2,5690.359999999996
1054,USDCAD,BUY,2025-06-06 03:00:00+00:00,2025-06-06 12:03:40+00:00,1.36679,1.36841,11.34,11.34,2.34.141,DEMO,OOS,0.0,0.1,0.1,DEMO_ACCOUNT,0.1,C:\Users\Leon\Desktop\QUANT\Data_Center\Data\2_Baseline\Trades\Backtest\DEMO_ACCOUNT\OOS\listOfTrades_USDCAD_30_2.34.141_BUY_M15_OOS.csv,0.1,6.2,62.0,703.08,0.0,703.08,6.2,6.2,6393.439999999996
1056,USDCAD,BUY,2025-06-09 11:30:00+00:00,2025-06-09 16:06:40+00:00,1.3677,1.36917,10.24,10.24,2.34.141,DEMO,OOS,0.0,0.1,0.1,DEMO_ACCOUNT,0.1,C:\Users\Leon\Desktop\QUANT\Data_Center\Data\2_Baseline\Trades\Backtest\DEMO_ACCOUNT\OOS\listOfTrades_USDCAD_30_2.34.141_BUY_M15_OOS.csv,0.1,6.2,62.0,634.88,0.0,634.88,6.2,6.2,7028.319999999996
1058,USDCAD,BUY,2025-06-11 19:30:00+00:00,2025-06-11 23:45:00+00:00,1.36646,1.36739,6.3,6.3,2.34.141,DEMO,OOS,0.0,0.1,0.1,DEMO_ACCOUNT,0.1,C:\Users\Leon\Desktop\QUANT\Data_Center\Data\2_Baseline\Trades\Backtest\DEMO_ACCOUNT\OOS\listOfTrades_USDCAD_30_2.34.141_BUY_M15_OOS.csv,0.1,6.2,62.0,390.59999999999997,0.0,390.59999999999997,6.2,6.2,7418.919999999996
1060,USDCAD,BUY,2025-06-12 02:00:00+00:00,2025-06-12 23:45:00+00:00,1.3665,1.36011,-47.48,-47.48,2.34.141,DEMO,OOS,0.0,0.1,0.1,DEMO_ACCOUNT,0.1,C:\Users\Leon\Desktop\QUANT\Data_Center\Data\2_Baseline\Trades\Backtest\DEMO_ACCOUNT\OOS\listOfTrades_USDCAD_30_2.34.141_BUY_M15_OOS.csv,0.1,6.2,62.0,-2943.7599999999998,0.0,-2943.7599999999998,6.2,6.2,4475.159999999996
1062,USDCAD,BUY,2025-06-13 21:00:00+00:00,2025-06-13 23:45:00+00:00,1.35902,1.35889,-1.46,-1.46,2.34.141,DEMO,OOS,0.0,0.1,0.1,DEMO_ACCOUNT,0.1,C:\Users\Leon\Desktop\QUANT\Data_Center\Data\2_Baseline\Trades\Backtest\DEMO_ACCOUNT\OOS\listOfTrades_USDCAD_30_2.34.141_BUY_M15_OOS.csv,0.1,6.2,62.0,-90.52,0.0,-90.52,6.2,6.2,4384.639999999996
1064,USDCAD,BUY,2025-06-16 01:15:00+00:00,2025-06-16 23:45:00+00:00,1.35914,1.35684,-17.45,-17.45,2.34.141,DEMO,OOS,0.0,0.1,0.1,DEMO_ACCOUNT,0.1,C:\Users\Leon\Desktop\QUANT\Data_Center\Data\2_Baseline\Trades\Backtest\DEMO_ACCOUNT\OOS\listOfTrades_USDCAD_30_2.34.141_BUY_M15_OOS.csv,0.1,6.2,62.0,-1081.8999999999999,0.0,-1081.8999999999999,6.2,6.2,3302.739999999996
1066,USDCAD,BUY,2025-06-18 06:15:00+00:00,2025-06-18 18:10:40+00:00,1.3664,1.36901,18.56,18.56,2.34.141,DEMO,OOS,0.0,0.1,0.1,DEMO_ACCOUNT,0.1,C:\Users\Leon\Desktop\QUANT\Data_Center\Data\2_Baseline\Trades\Backtest\DEMO_ACCOUNT\OOS\listOfTrades_USDCAD_30_2.34.141_BUY_M15_OOS.csv,0.1,6.2,62.0,1150.72,0.0,1150.72,6.2,6.2,4453.459999999996
1068,USDCAD,BUY,2025-06-20 04:30:00+00:00,2025-06-20 15:06:40+00:00,1.36953,1.37136,12.84,12.84,2.34.141,DEMO,OOS,0.0,0.1,0.1,DEMO_ACCOUNT,0.1,C:\Users\Leon\Desktop\QUANT\Data_Center\Data\2_Baseline\Trades\Backtest\DEMO_ACCOUNT\OOS\listOfTrades_USDCAD_30_2.34.141_BUY_M15_OOS.csv,0.1,6.2,62.0,796.08,0.0,796.08,6.2,6.2,5249.539999999996
1070,USDCAD,BUY,2025-06-23 18:15:00+00:00,2025-06-23 18:58:40+00:00,1.37324,1.37654,23.47,23.47,2.34.141,DEMO,OOS,0.0,0.1,0.1,DEMO_ACCOUNT,0.1,C:\Users\Leon\Desktop\QUANT\Data_Center\Data\2_Baseline\Trades\Backtest\DEMO_ACCOUNT\OOS\listOfTrades_USDCAD_30_2.34.141_BUY_M15_OOS.csv,0.1,6.2,62.0,1455.1399999999999,0.0,1455.1399999999999,6.2,6.2,6704.679999999997
1072,USDCAD,BUY,2025-06-24 07:30:00+00:00,2025-06-24 23:45:00+00:00,1.37189,1.37238,3.07,3.07,2.34.141,DEMO,OOS,0.0,0.1,0.1,DEMO_ACCOUNT,0.1,C:\Users\Leon\Desktop\QUANT\Data_Center\Data\2_Baseline\Trades\Backtest\DEMO_ACCOUNT\OOS\listOfTrades_USDCAD_30_2.34.141_BUY_M15_OOS.csv,0.1,6.2,62.0,190.34,0.0,190.34,6.2,6.2,6895.019999999997
1074,USDCAD,BUY,2025-06-25 00:15:30+00:00,2025-06-25 18:24:40+00:00,1.37235,1.37493,18.26,18.26,2.34.141,DEMO,OOS,0.0,0.1,0.1,DEMO_ACCOUNT,0.1,C:\Users\Leon\Desktop\QUANT\Data_Center\Data\2_Baseline\Trades\Backtest\DEMO_ACCOUNT\OOS\listOfTrades_USDCAD_30_2.34.141_BUY_M15_OOS.csv,0.1,6.2,62.0,1132.1200000000001,0.0,1132.1200000000001,6.2,6.2,8027.139999999997
1076,USDCAD,BUY,2025-06-27 10:00:00+00:00,2025-06-27 12:31:40+00:00,1.36311,1.36481,11.96,11.96,2.34.141,DEMO,OOS,0.0,0.1,0.1,DEMO_ACCOUNT,0.1,C:\Users\Leon\Desktop\QUANT\Data_Center\Data\2_Baseline\Trades\Backtest\DEMO_ACCOUNT\OOS\listOfTrades_USDCAD_30_2.34.141_BUY_M15_OOS.csv,0.1,6.2,62.0,741.5200000000001,0.0,741.5200000000001,6.2,6.2,8768.659999999996
1078,USDCAD,BUY,2025-06-30 10:00:00+00:00,2025-06-30 13:03:40+00:00,1.36557,1.36815,18.36,18.36,2.34.141,DEMO,OOS,0.0,0.1,0.1,DEMO_ACCOUNT,0.1,C:\Users\Leon\Desktop\QUANT\Data_Center\Data\2_Baseline\Trades\Backtest\DEMO_ACCOUNT\OOS\listOfTrades_USDCAD_30_2.34.141_BUY_M15_OOS.csv,0.1,6.2,62.0,1138.32,0.0,1138.32,6.2,6.2,9906.979999999996
1080,USDCAD,BUY,2025-07-01 11:00:00+00:00,2025-07-01 15:23:40+00:00,1.35995,1.36163,11.84,11.84,2.34.141,DEMO,OOS,0.0,0.1,0.1,DEMO_ACCOUNT,0.1,C:\Users\Leon\Desktop\QUANT\Data_Center\Data\2_Baseline\Trades\Backtest\DEMO_ACCOUNT\OOS\listOfTrades_USDCAD_30_2.34.141_BUY_M15_OOS.csv,0.1,6.2,62.0,734.08,0.0,734.08,6.2,6.2,10641.059999999996
1082,USDCAD,BUY,2025-07-02 15:30:00+00:00,2025-07-02 15:41:40+00:00,1.3634,1.36546,14.59,14.59,2.34.141,DEMO,OOS,0.0,0.1,0.1,DEMO_ACCOUNT,0.1,C:\Users\Leon\Desktop\QUANT\Data_Center\Data\2_Baseline\Trades\Backtest\DEMO_ACCOUNT\OOS\listOfTrades_USDCAD_30_2.34.141_BUY_M15_OOS.csv,0.1,6.2,62.0,904.58,0.0,904.58,6.2,6.2,11545.639999999996
1084,USDCAD,BUY,2025-07-03 14:30:00+00:00,2025-07-03 15:30:40+00:00,1.35795,1.35951,10.97,10.97,2.34.141,DEMO,OOS,0.0,0.1,0.1,DEMO_ACCOUNT,0.1,C:\Users\Leon\Desktop\QUANT\Data_Center\Data\2_Baseline\Trades\Backtest\DEMO_ACCOUNT\OOS\listOfTrades_USDCAD_30_2.34.141_BUY_M15_OOS.csv,0.1,6.2,62.0,680.14,0.0,680.14,6.2,6.2,12225.779999999995
1086,USDCAD,BUY,2025-07-04 02:45:00+00:00,2025-07-04 11:00:40+00:00,1.35761,1.35944,12.96,12.96,2.34.141,DEMO,OOS,0.0,0.1,0.1,DEMO_ACCOUNT,0.1,C:\Users\Leon\Desktop\QUANT\Data_Center\Data\2_Baseline\Trades\Backtest\DEMO_ACCOUNT\OOS\listOfTrades_USDCAD_30_2.34.141_BUY_M15_OOS.csv,0.1,6.2,62.0,803.5200000000001,0.0,803.5200000000001,6.2,6.2,13029.299999999996
1088,USDCAD,BUY,2025-07-08 10:30:00+00:00,2025-07-08 16:23:40+00:00,1.36457,1.36655,13.99,13.99,2.34.141,DEMO,OOS,0.0,0.1,0.1,DEMO_ACCOUNT,0.1,C:\Users\Leon\Desktop\QUANT\Data_Center\Data\2_Baseline\Trades\Backtest\DEMO_ACCOUNT\OOS\listOfTrades_USDCAD_30_2.34.141_BUY_M15_OOS.csv,0.1,6.2,62.0,867.38,0.0,867.38,6.2,6.2,13896.679999999995
1090,USDCAD,BUY,2025-07-18 21:00:00+00:00,2025-07-18 23:45:00+00:00,1.37265,1.37276,0.3,0.3,2.34.141,DEMO,OOS,0.0,0.1,0.1,DEMO_ACCOUNT,0.1,C:\Users\Leon\Desktop\QUANT\Data_Center\Data\2_Baseline\Trades\Backtest\DEMO_ACCOUNT\OOS\listOfTrades_USDCAD_30_2.34.141_BUY_M15_OOS.csv,0.1,6.2,62.0,18.599999999999998,0.0,18.599999999999998,6.2,6.2,13915.279999999995
1092,USDCAD,BUY,2025-07-22 13:15:00+00:00,2025-07-22 23:45:00+00:00,1.36745,1.36045,-51.95,-51.95,2.34.141,DEMO,OOS,0.0,0.1,0.1,DEMO_ACCOUNT,0.1,C:\Users\Leon\Desktop\QUANT\Data_Center\Data\2_Baseline\Trades\Backtest\DEMO_ACCOUNT\OOS\listOfTrades_USDCAD_30_2.34.141_BUY_M15_OOS.csv,0.1,6.2,62.0,-3220.9,0.0,-3220.9,6.2,6.2,10694.379999999996
1094,USDCAD,BUY,2025-07-23 10:30:00+00:00,2025-07-23 16:33:40+00:00,1.35921,1.36085,11.55,11.55,2.34.141,DEMO,OOS,0.0,0.1,0.1,DEMO_ACCOUNT,0.1,C:\Users\Leon\Desktop\QUANT\Data_Center\Data\2_Baseline\Trades\Backtest\DEMO_ACCOUNT\OOS\listOfTrades_USDCAD_30_2.34.141_BUY_M15_OOS.csv,0.1,6.2,62.0,716.1,0.0,716.1,6.2,6.2,11410.479999999996
1096,USDCAD,BUY,2025-07-24 00:15:00+00:00,2025-07-24 14:09:40+00:00,1.35988,1.36204,15.36,15.36,2.34.141,DEMO,OOS,0.0,0.1,0.1,DEMO_ACCOUNT,0.1,C:\Users\Leon\Desktop\QUANT\Data_Center\Data\2_Baseline\Trades\Backtest\DEMO_ACCOUNT\OOS\listOfTrades_USDCAD_30_2.34.141_BUY_M15_OOS.csv,0.1,6.2,62.0,952.3199999999999,0.0,952.3199999999999,6.2,6.2,12362.799999999996
1098,USDCAD,BUY,2025-07-31 08:00:00+00:00,2025-07-31 10:45:20+00:00,1.38167,1.38372,14.32,14.32,2.34.141,DEMO,OOS,0.0,0.1,0.1,DEMO_ACCOUNT,0.1,C:\Users\Leon\Desktop\QUANT\Data_Center\Data\2_Baseline\Trades\Backtest\DEMO_ACCOUNT\OOS\listOfTrades_USDCAD_30_2.34.141_BUY_M15_OOS.csv,0.1,6.2,62.0,887.84,0.0,887.84,6.2,6.2,13250.639999999996
1100,USDCAD,BUY,2025-08-01 15:45:00+00:00,2025-08-01 23:45:00+00:00,1.38142,1.37837,-22.63,-22.63,2.34.141,DEMO,OOS,0.0,0.1,0.1,DEMO_ACCOUNT,0.1,C:\Users\Leon\Desktop\QUANT\Data_Center\Data\2_Baseline\Trades\Backtest\DEMO_ACCOUNT\OOS\listOfTrades_USDCAD_30_2.34.141_BUY_M15_OOS.csv,0.1,6.2,62.0,-1403.06,0.0,-1403.06,6.2,6.2,11847.579999999996
1102,USDCAD,BUY,2025-08-04 07:30:00+00:00,2025-08-04 23:45:00+00:00,1.37723,1.37773,3.13,3.13,2.34.141,DEMO,OOS,0.0,0.1,0.1,DEMO_ACCOUNT,0.1,C:\Users\Leon\Desktop\QUANT\Data_Center\Data\2_Baseline\Trades\Backtest\DEMO_ACCOUNT\OOS\listOfTrades_USDCAD_30_2.34.141_BUY_M15_OOS.csv,0.1,6.2,62.0,194.06,0.0,194.06,6.2,6.2,12041.639999999996
1104,USDCAD,BUY,2025-08-05 02:15:00+00:00,2025-08-05 06:21:40+00:00,1.377,1.37869,11.76,11.76,2.34.141,DEMO,OOS,0.0,0.1,0.1,DEMO_ACCOUNT,0.1,C:\Users\Leon\Desktop\QUANT\Data_Center\Data\2_Baseline\Trades\Backtest\DEMO_ACCOUNT\OOS\listOfTrades_USDCAD_30_2.34.141_BUY_M15_OOS.csv,0.1,6.2,62.0,729.12,0.0,729.12,6.2,6.2,12770.759999999997
1106,USDCAD,BUY,2025-08-06 09:45:00+00:00,2025-08-06 23:45:00+00:00,1.37658,1.37414,-18.26,-18.26,2.34.141,DEMO,OOS,0.0,0.1,0.1,DEMO_ACCOUNT,0.1,C:\Users\Leon\Desktop\QUANT\Data_Center\Data\2_Baseline\Trades\Backtest\DEMO_ACCOUNT\OOS\listOfTrades_USDCAD_30_2.34.141_BUY_M15_OOS.csv,0.1,6.2,62.0,-1132.1200000000001,0.0,-1132.1200000000001,6.2,6.2,11638.639999999996
1108,USDCAD,BUY,2025-08-07 07:15:00+00:00,2025-08-07 16:46:40+00:00,1.37331,1.3747,9.61,9.61,2.34.141,DEMO,OOS,0.0,0.1,0.1,DEMO_ACCOUNT,0.1,C:\Users\Leon\Desktop\QUANT\Data_Center\Data\2_Baseline\Trades\Backtest\DEMO_ACCOUNT\OOS\listOfTrades_USDCAD_30_2.34.141_BUY_M15_OOS.csv,0.1,6.2,62.0,595.8199999999999,0.0,595.8199999999999,6.2,6.2,12234.459999999995
1110,USDCAD,BUY,2025-08-08 03:00:00+00:00,2025-08-08 15:30:40+00:00,1.37334,1.37511,12.37,12.37,2.34.141,DEMO,OOS,0.0,0.1,0.1,DEMO_ACCOUNT,0.1,C:\Users\Leon\Desktop\QUANT\Data_Center\Data\2_Baseline\Trades\Backtest\DEMO_ACCOUNT\OOS\listOfTrades_USDCAD_30_2.34.141_BUY_M15_OOS.csv,0.1,6.2,62.0,766.9399999999999,0.0,766.9399999999999,6.2,6.2,13001.399999999996
1112,USDCAD,BUY,2025-08-11 06:15:00+00:00,2025-08-11 10:01:40+00:00,1.37484,1.37616,9.09,9.09,2.34.141,DEMO,OOS,0.0,0.1,0.1,DEMO_ACCOUNT,0.1,C:\Users\Leon\Desktop\QUANT\Data_Center\Data\2_Baseline\Trades\Backtest\DEMO_ACCOUNT\OOS\listOfTrades_USDCAD_30_2.34.141_BUY_M15_OOS.csv,0.1,6.2,62.0,563.58,0.0,563.58,6.2,6.2,13564.979999999996
1114,USDCAD,BUY,2025-08-13 00:15:30+00:00,2025-08-13 23:45:00+00:00,1.37755,1.37599,-11.84,-11.84,2.34.141,DEMO,OOS,0.0,0.1,0.1,DEMO_ACCOUNT,0.1,C:\Users\Leon\Desktop\QUANT\Data_Center\Data\2_Baseline\Trades\Backtest\DEMO_ACCOUNT\OOS\listOfTrades_USDCAD_30_2.34.141_BUY_M15_OOS.csv,0.1,6.2,62.0,-734.08,0.0,-734.08,6.2,6.2,12830.899999999996
1116,USDCAD,BUY,2025-08-15 06:15:00+00:00,2025-08-15 23:45:00+00:00,1.38069,1.38117,2.98,2.98,2.34.141,DEMO,OOS,0.0,0.1,0.1,DEMO_ACCOUNT,0.1,C:\Users\Leon\Desktop\QUANT\Data_Center\Data\2_Baseline\Trades\Backtest\DEMO_ACCOUNT\OOS\listOfTrades_USDCAD_30_2.34.141_BUY_M15_OOS.csv,0.1,6.2,62.0,184.76,0.0,184.76,6.2,6.2,13015.659999999996
1118,USDCAD,BUY,2025-08-18 03:30:00+00:00,2025-08-18 17:38:40+00:00,1.38064,1.38202,9.49,9.49,2.34.141,DEMO,OOS,0.0,0.1,0.1,DEMO_ACCOUNT,0.1,C:\Users\Leon\Desktop\QUANT\Data_Center\Data\2_Baseline\Trades\Backtest\DEMO_ACCOUNT\OOS\listOfTrades_USDCAD_30_2.34.141_BUY_M15_OOS.csv,0.1,6.2,62.0,588.38,0.0,588.38,6.2,6.2,13604.039999999995
1120,USDCAD,BUY,2025-08-20 15:15:00+00:00,2025-08-20 23:45:00+00:00,1.3865,1.38762,7.57,7.57,2.34.141,DEMO,OOS,0.0,0.1,0.1,DEMO_ACCOUNT,0.1,C:\Users\Leon\Desktop\QUANT\Data_Center\Data\2_Baseline\Trades\Backtest\DEMO_ACCOUNT\OOS\listOfTrades_USDCAD_30_2.34.141_BUY_M15_OOS.csv,0.1,6.2,62.0,469.34000000000003,0.0,469.34000000000003,6.2,6.2,14073.379999999996
1122,USDCAD,BUY,2025-08-22 17:15:00+00:00,2025-08-22 23:45:00+00:00,1.38619,1.38179,-32.34,-32.34,2.34.141,DEMO,OOS,0.0,0.1,0.1,DEMO_ACCOUNT,0.1,C:\Users\Leon\Desktop\QUANT\Data_Center\Data\2_Baseline\Trades\Backtest\DEMO_ACCOUNT\OOS\listOfTrades_USDCAD_30_2.34.141_BUY_M15_OOS.csv,0.1,6.2,62.0,-2005.0800000000002,0.0,-2005.0800000000002,6.2,6.2,12068.299999999996
1124,USDCAD,BUY,2025-08-25 09:15:00+00:00,2025-08-25 20:57:40+00:00,1.38274,1.38426,10.48,10.48,2.34.141,DEMO,OOS,0.0,0.1,0.1,DEMO_ACCOUNT,0.1,C:\Users\Leon\Desktop\QUANT\Data_Center\Data\2_Baseline\Trades\Backtest\DEMO_ACCOUNT\OOS\listOfTrades_USDCAD_30_2.34.141_BUY_M15_OOS.csv,0.1,6.2,62.0,649.76,0.0,649.76,6.2,6.2,12718.059999999996
1126,USDCAD,BUY,2025-08-28 12:15:00+00:00,2025-08-28 23:45:00+00:00,1.3772,1.37505,-16.14,-16.14,2.34.141,DEMO,OOS,0.0,0.1,0.1,DEMO_ACCOUNT,0.1,C:\Users\Leon\Desktop\QUANT\Data_Center\Data\2_Baseline\Trades\Backtest\DEMO_ACCOUNT\OOS\listOfTrades_USDCAD_30_2.34.141_BUY_M15_OOS.csv,0.1,6.2,62.0,-1000.6800000000001,0.0,-1000.6800000000001,6.2,6.2,11717.379999999996
1128,USDCAD,BUY,2025-08-29 11:00:00+00:00,2025-08-29 12:36:40+00:00,1.37412,1.3755,9.53,9.53,2.34.141,DEMO,OOS,0.0,0.1,0.1,DEMO_ACCOUNT,0.1,C:\Users\Leon\Desktop\QUANT\Data_Center\Data\2_Baseline\Trades\Backtest\DEMO_ACCOUNT\OOS\listOfTrades_USDCAD_30_2.34.141_BUY_M15_OOS.csv,0.1,6.2,62.0,590.86,0.0,590.86,6.2,6.2,12308.239999999996
1130,USDCAD,BUY,2025-09-05 09:00:00+00:00,2025-09-05 15:41:40+00:00,1.38023,1.38128,7.1,7.1,2.34.141,DEMO,OOS,0.0,0.1,0.1,DEMO_ACCOUNT,0.1,C:\Users\Leon\Desktop\QUANT\Data_Center\Data\2_Baseline\Trades\Backtest\DEMO_ACCOUNT\OOS\listOfTrades_USDCAD_30_2.34.141_BUY_M15_OOS.csv,0.1,6.2,62.0,440.2,0.0,440.2,6.2,6.2,12748.439999999997
1132,USDCAD,BUY,2025-09-08 20:00:00+00:00,2025-09-08 23:45:00+00:00,1.38262,1.38046,-16.15,-16.15,2.34.141,DEMO,OOS,0.0,0.1,0.1,DEMO_ACCOUNT,0.1,C:\Users\Leon\Desktop\QUANT\Data_Center\Data\2_Baseline\Trades\Backtest\DEMO_ACCOUNT\OOS\listOfTrades_USDCAD_30_2.34.141_BUY_M15_OOS.csv,0.1,6.2,62.0,-1001.3,0.0,-1001.3,6.2,6.2,11747.139999999998
1134,USDCAD,BUY,2025-09-09 09:15:00+00:00,2025-09-09 10:43:40+00:00,1.37942,1.3807,8.77,8.77,2.34.141,DEMO,OOS,0.0,0.1,0.1,DEMO_ACCOUNT,0.1,C:\Users\Leon\Desktop\QUANT\Data_Center\Data\2_Baseline\Trades\Backtest\DEMO_ACCOUNT\OOS\listOfTrades_USDCAD_30_2.34.141_BUY_M15_OOS.csv,0.1,6.2,62.0,543.74,0.0,543.74,6.2,6.2,12290.879999999997
1136,USDCAD,BUY,2025-09-10 08:00:00+00:00,2025-09-10 10:01:00+00:00,1.38425,1.38568,9.82,9.82,2.34.141,DEMO,OOS,0.0,0.1,0.1,DEMO_ACCOUNT,0.1,C:\Users\Leon\Desktop\QUANT\Data_Center\Data\2_Baseline\Trades\Backtest\DEMO_ACCOUNT\OOS\listOfTrades_USDCAD_30_2.34.141_BUY_M15_OOS.csv,0.1,6.2,62.0,608.84,0.0,608.84,6.2,6.2,12899.719999999998
1138,USDCAD,BUY,2025-09-11 16:00:00+00:00,2025-09-11 23:45:00+00:00,1.38581,1.38303,-20.6,-20.6,2.34.141,DEMO,OOS,0.0,0.1,0.1,DEMO_ACCOUNT,0.1,C:\Users\Leon\Desktop\QUANT\Data_Center\Data\2_Baseline\Trades\Backtest\DEMO_ACCOUNT\OOS\listOfTrades_USDCAD_30_2.34.141_BUY_M15_OOS.csv,0.1,6.2,62.0,-1277.2,0.0,-1277.2,6.2,6.2,11622.519999999997
1140,USDCAD,BUY,2025-09-16 06:30:00+00:00,2025-09-16 23:45:00+00:00,1.37695,1.37349,-25.69,-25.69,2.34.141,DEMO,OOS,0.0,0.1,0.1,DEMO_ACCOUNT,0.1,C:\Users\Leon\Desktop\QUANT\Data_Center\Data\2_Baseline\Trades\Backtest\DEMO_ACCOUNT\OOS\listOfTrades_USDCAD_30_2.34.141_BUY_M15_OOS.csv,0.1,6.2,62.0,-1592.78,0.0,-1592.78,6.2,6.2,10029.739999999996
1142,USDCAD,BUY,2025-09-17 21:30:00+00:00,2025-09-17 21:42:40+00:00,1.37378,1.37636,18.25,18.25,2.34.141,DEMO,OOS,0.0,0.1,0.1,DEMO_ACCOUNT,0.1,C:\Users\Leon\Desktop\QUANT\Data_Center\Data\2_Baseline\Trades\Backtest\DEMO_ACCOUNT\OOS\listOfTrades_USDCAD_30_2.34.141_BUY_M15_OOS.csv,0.1,6.2,62.0,1131.5,0.0,1131.5,6.2,6.2,11161.239999999996
1144,USDCAD,BUY,2025-09-19 17:45:00+00:00,2025-09-19 23:45:00+00:00,1.37897,1.37865,-2.82,-2.82,2.34.141,DEMO,OOS,0.0,0.1,0.1,DEMO_ACCOUNT,0.1,C:\Users\Leon\Desktop\QUANT\Data_Center\Data\2_Baseline\Trades\Backtest\DEMO_ACCOUNT\OOS\listOfTrades_USDCAD_30_2.34.141_BUY_M15_OOS.csv,0.1,6.2,62.0,-174.84,0.0,-174.84,6.2,6.2,10986.399999999996
1146,USDCAD,BUY,2025-09-23 15:45:00+00:00,2025-09-23 17:23:20+00:00,1.38189,1.38353,11.35,11.35,2.34.141,DEMO,OOS,0.0,0.1,0.1,DEMO_ACCOUNT,0.1,C:\Users\Leon\Desktop\QUANT\Data_Center\Data\2_Baseline\Trades\Backtest\DEMO_ACCOUNT\OOS\listOfTrades_USDCAD_30_2.34.141_BUY_M15_OOS.csv,0.1,6.2,62.0,703.6999999999999,0.0,703.6999999999999,6.2,6.2,11690.099999999997
1148,USDCAD,BUY,2025-09-25 06:30:00+00:00,2025-09-25 09:46:40+00:00,1.38869,1.38985,7.85,7.85,2.34.141,DEMO,OOS,0.0,0.1,0.1,DEMO_ACCOUNT,0.1,C:\Users\Leon\Desktop\QUANT\Data_Center\Data\2_Baseline\Trades\Backtest\DEMO_ACCOUNT\OOS\listOfTrades_USDCAD_30_2.34.141_BUY_M15_OOS.csv,0.1,6.2,62.0,486.7,0.0,486.7,6.2,6.2,12176.799999999997
1150,USDCAD,BUY,2025-09-26 08:00:00+00:00,2025-09-26 10:51:40+00:00,1.39357,1.39479,8.25,8.25,2.34.141,DEMO,OOS,0.0,0.1,0.1,DEMO_ACCOUNT,0.1,C:\Users\Leon\Desktop\QUANT\Data_Center\Data\2_Baseline\Trades\Backtest\DEMO_ACCOUNT\OOS\listOfTrades_USDCAD_30_2.34.141_BUY_M15_OOS.csv,0.1,6.2,62.0,511.5,0.0,511.5,6.2,6.2,12688.299999999997
1152,USDCAD,BUY,2025-09-29 00:15:00+00:00,2025-09-29 23:45:00+00:00,1.3939,1.39177,-15.8,-15.8,2.34.141,DEMO,OOS,0.0,0.1,0.1,DEMO_ACCOUNT,0.1,C:\Users\Leon\Desktop\QUANT\Data_Center\Data\2_Baseline\Trades\Backtest\DEMO_ACCOUNT\OOS\listOfTrades_USDCAD_30_2.34.141_BUY_M15_OOS.csv,0.1,6.2,62.0,-979.6,0.0,-979.6,6.2,6.2,11708.699999999997
1154,USDCAD,BUY,2025-10-03 09:45:00+00:00,2025-10-03 23:45:00+00:00,1.39606,1.3959,-1.65,-1.65,2.34.141,DEMO,OOS,0.0,0.1,0.1,DEMO_ACCOUNT,0.1,C:\Users\Leon\Desktop\QUANT\Data_Center\Data\2_Baseline\Trades\Backtest\DEMO_ACCOUNT\OOS\listOfTrades_USDCAD_30_2.34.141_BUY_M15_OOS.csv,0.1,6.2,62.0,-102.3,0.0,-102.3,6.2,6.2,11606.399999999998
1156,USDCAD,BUY,2025-10-10 09:00:00+00:00,2025-10-10 09:39:40+00:00,1.40138,1.40256,7.91,7.91,2.34.141,DEMO,OOS,0.0,0.1,0.1,DEMO_ACCOUNT,0.1,C:\Users\Leon\Desktop\QUANT\Data_Center\Data\2_Baseline\Trades\Backtest\DEMO_ACCOUNT\OOS\listOfTrades_USDCAD_30_2.34.141_BUY_M15_OOS.csv,0.1,6.2,62.0,490.42,0.0,490.42,6.2,6.2,12096.819999999998
1158,USDCAD,BUY,2025-10-14 17:45:00+00:00,2025-10-14 18:40:40+00:00,1.40321,1.40547,15.58,15.58,2.34.141,DEMO,OOS,0.0,0.1,0.1,DEMO_ACCOUNT,0.1,C:\Users\Leon\Desktop\QUANT\Data_Center\Data\2_Baseline\Trades\Backtest\DEMO_ACCOUNT\OOS\listOfTrades_USDCAD_30_2.34.141_BUY_M15_OOS.csv,0.1,6.2,62.0,965.96,0.0,965.96,6.2,6.2,13062.779999999999
1160,USDCAD,BUY,2025-10-21 15:45:00+00:00,2025-10-21 23:45:00+00:00,1.40274,1.40193,-6.28,-6.28,2.34.141,DEMO,OOS,0.0,0.1,0.1,DEMO_ACCOUNT,0.1,C:\Users\Leon\Desktop\QUANT\Data_Center\Data\2_Baseline\Trades\Backtest\DEMO_ACCOUNT\OOS\listOfTrades_USDCAD_30_2.34.141_BUY_M15_OOS.csv,0.1,6.2,62.0,-389.36,0.0,-389.36,6.2,6.2,12673.419999999998
1162,USDCAD,BUY,2025-10-22 07:15:00+00:00,2025-10-22 12:17:40+00:00,1.40027,1.40147,8.06,8.06,2.34.141,DEMO,OOS,0.0,0.1,0.1,DEMO_ACCOUNT,0.1,C:\Users\Leon\Desktop\QUANT\Data_Center\Data\2_Baseline\Trades\Backtest\DEMO_ACCOUNT\OOS\listOfTrades_USDCAD_30_2.34.141_BUY_M15_OOS.csv,0.1,6.2,62.0,499.72,0.0,499.72,6.2,6.2,13173.139999999998
1164,USDCAD,BUY,2025-10-23 06:00:00+00:00,2025-10-23 23:45:00+00:00,1.40034,1.39896,-10.36,-10.36,2.34.141,DEMO,OOS,0.0,0.1,0.1,DEMO_ACCOUNT,0.1,C:\Users\Leon\Desktop\QUANT\Data_Center\Data\2_Baseline\Trades\Backtest\DEMO_ACCOUNT\OOS\listOfTrades_USDCAD_30_2.34.141_BUY_M15_OOS.csv,0.1,6.2,62.0,-642.3199999999999,0.0,-642.3199999999999,6.2,6.2,12530.819999999998
1166,USDCAD,BUY,2025-10-24 01:30:00+00:00,2025-10-24 05:39:40+00:00,1.39838,1.39984,9.93,9.93,2.34.141,DEMO,OOS,0.0,0.1,0.1,DEMO_ACCOUNT,0.1,C:\Users\Leon\Desktop\QUANT\Data_Center\Data\2_Baseline\Trades\Backtest\DEMO_ACCOUNT\OOS\listOfTrades_USDCAD_30_2.34.141_BUY_M15_OOS.csv,0.1,6.2,62.0,615.66,0.0,615.66,6.2,6.2,13146.479999999998
1168,USDCAD,BUY,2025-10-27 04:30:00+00:00,2025-10-27 16:47:40+00:00,1.39798,1.39961,11.15,11.15,2.34.141,DEMO,OOS,0.0,0.1,0.1,DEMO_ACCOUNT,0.1,C:\Users\Leon\Desktop\QUANT\Data_Center\Data\2_Baseline\Trades\Backtest\DEMO_ACCOUNT\OOS\listOfTrades_USDCAD_30_2.34.141_BUY_M15_OOS.csv,0.1,6.2,62.0,691.3000000000001,0.0,691.3000000000001,6.2,6.2,13837.779999999997
1170,USDCAD,BUY,2025-10-29 10:30:00+00:00,2025-10-29 11:39:40+00:00,1.39286,1.39415,8.75,8.75,2.34.141,DEMO,OOS,0.0,0.1,0.1,DEMO_ACCOUNT,0.1,C:\Users\Leon\Desktop\QUANT\Data_Center\Data\2_Baseline\Trades\Backtest\DEMO_ACCOUNT\OOS\listOfTrades_USDCAD_30_2.34.141_BUY_M15_OOS.csv,0.1,6.2,62.0,542.5,0.0,542.5,6.2,6.2,14380.279999999997
1172,USDCAD,BUY,2025-11-03 06:15:00+00:00,2025-11-03 10:26:20+00:00,1.40108,1.40253,9.84,9.84,2.34.141,DEMO,OOS,0.0,0.1,0.1,DEMO_ACCOUNT,0.1,C:\Users\Leon\Desktop\QUANT\Data_Center\Data\2_Baseline\Trades\Backtest\DEMO_ACCOUNT\OOS\listOfTrades_USDCAD_30_2.34.141_BUY_M15_OOS.csv,0.1,6.2,62.0,610.08,0.0,610.08,6.2,6.2,14990.359999999997
1174,USDCAD,BUY,2025-11-04 10:00:00+00:00,2025-11-04 12:00:40+00:00,1.40573,1.40717,9.73,9.73,2.34.141,DEMO,OOS,0.0,0.1,0.1,DEMO_ACCOUNT,0.1,C:\Users\Leon\Desktop\QUANT\Data_Center\Data\2_Baseline\Trades\Backtest\DEMO_ACCOUNT\OOS\listOfTrades_USDCAD_30_2.34.141_BUY_M15_OOS.csv,0.1,6.2,62.0,603.26,0.0,603.26,6.2,6.2,15593.619999999997
1176,USDCAD,BUY,2025-11-06 02:00:00+00:00,2025-11-06 16:41:40+00:00,1.4103,1.41168,9.28,9.28,2.34.141,DEMO,OOS,0.0,0.1,0.1,DEMO_ACCOUNT,0.1,C:\Users\Leon\Desktop\QUANT\Data_Center\Data\2_Baseline\Trades\Backtest\DEMO_ACCOUNT\OOS\listOfTrades_USDCAD_30_2.34.141_BUY_M15_OOS.csv,0.1,6.2,62.0,575.36,0.0,575.36,6.2,6.2,16168.979999999998
1178,USDCAD,BUY,2025-11-10 07:30:00+00:00,2025-11-10 23:45:00+00:00,1.40235,1.40191,-3.64,-3.64,2.34.141,DEMO,OOS,0.0,0.1,0.1,DEMO_ACCOUNT,0.1,C:\Users\Leon\Desktop\QUANT\Data_Center\Data\2_Baseline\Trades\Backtest\DEMO_ACCOUNT\OOS\listOfTrades_USDCAD_30_2.34.141_BUY_M15_OOS.csv,0.1,6.2,62.0,-225.68,0.0,-225.68,6.2,6.2,15943.299999999997
1180,USDCAD,BUY,2025-11-11 14:15:00+00:00,2025-11-11 23:45:00+00:00,1.40242,1.4013,-8.49,-8.49,2.34.141,DEMO,OOS,0.0,0.1,0.1,DEMO_ACCOUNT,0.1,C:\Users\Leon\Desktop\QUANT\Data_Center\Data\2_Baseline\Trades\Backtest\DEMO_ACCOUNT\OOS\listOfTrades_USDCAD_30_2.34.141_BUY_M15_OOS.csv,0.1,6.2,62.0,-526.38,0.0,-526.38,6.2,6.2,15416.919999999998
1182,USDCAD,BUY,2025-11-18 10:15:00+00:00,2025-11-18 23:45:00+00:00,1.40381,1.39883,-36.1,-36.1,2.34.141,DEMO,OOS,0.0,0.1,0.1,DEMO_ACCOUNT,0.1,C:\Users\Leon\Desktop\QUANT\Data_Center\Data\2_Baseline\Trades\Backtest\DEMO_ACCOUNT\OOS\listOfTrades_USDCAD_30_2.34.141_BUY_M15_OOS.csv,0.1,6.2,62.0,-2238.2000000000003,0.0,-2238.2000000000003,6.2,6.2,13178.719999999998
1184,USDCAD,BUY,2025-11-20 15:45:00+00:00,2025-11-20 17:15:00+00:00,1.40461,1.40644,12.51,12.51,2.34.141,DEMO,OOS,0.0,0.1,0.1,DEMO_ACCOUNT,0.1,C:\Users\Leon\Desktop\QUANT\Data_Center\Data\2_Baseline\Trades\Backtest\DEMO_ACCOUNT\OOS\listOfTrades_USDCAD_30_2.34.141_BUY_M15_OOS.csv,0.1,6.2,62.0,775.62,0.0,775.62,6.2,6.2,13954.339999999998
1186,USDCAD,BUY,2025-11-24 07:30:00+00:00,2025-11-24 10:00:40+00:00,1.40928,1.41055,8.5,8.5,2.34.141,DEMO,OOS,0.0,0.1,0.1,DEMO_ACCOUNT,0.1,C:\Users\Leon\Desktop\QUANT\Data_Center\Data\2_Baseline\Trades\Backtest\DEMO_ACCOUNT\OOS\listOfTrades_USDCAD_30_2.34.141_BUY_M15_OOS.csv,0.1,6.2,62.0,527.0,0.0,527.0,6.2,6.2,14481.339999999998
1188,USDCAD,BUY,2025-11-25 19:30:00+00:00,2025-11-25 23:45:00+00:00,1.41034,1.40969,-5.11,-5.11,2.34.141,DEMO,OOS,0.0,0.1,0.1,DEMO_ACCOUNT,0.1,C:\Users\Leon\Desktop\QUANT\Data_Center\Data\2_Baseline\Trades\Backtest\DEMO_ACCOUNT\OOS\listOfTrades_USDCAD_30_2.34.141_BUY_M15_OOS.csv,0.1,6.2,62.0,-316.82,0.0,-316.82,6.2,6.2,14164.519999999999
1190,USDCAD,BUY,2025-11-26 08:30:00+00:00,2025-11-26 12:26:40+00:00,1.40687,1.40841,10.43,10.43,2.34.141,DEMO,OOS,0.0,0.1,0.1,DEMO_ACCOUNT,0.1,C:\Users\Leon\Desktop\QUANT\Data_Center\Data\2_Baseline\Trades\Backtest\DEMO_ACCOUNT\OOS\listOfTrades_USDCAD_30_2.34.141_BUY_M15_OOS.csv,0.1,6.2,62.0,646.66,0.0,646.66,6.2,6.2,14811.179999999998
1192,USDCAD,BUY,2025-11-27 07:30:00+00:00,2025-11-27 10:21:20+00:00,1.40295,1.40403,7.19,7.19,2.34.141,DEMO,OOS,0.0,0.1,0.1,DEMO_ACCOUNT,0.1,C:\Users\Leon\Desktop\QUANT\Data_Center\Data\2_Baseline\Trades\Backtest\DEMO_ACCOUNT\OOS\listOfTrades_USDCAD_30_2.34.141_BUY_M15_OOS.csv,0.1,6.2,62.0,445.78000000000003,0.0,445.78000000000003,6.2,6.2,15256.96
1194,USDCAD,BUY,2025-11-28 00:30:00+00:00,2025-11-28 09:51:20+00:00,1.40335,1.40425,5.91,5.91,2.34.141,DEMO,OOS,0.0,0.1,0.1,DEMO_ACCOUNT,0.1,C:\Users\Leon\Desktop\QUANT\Data_Center\Data\2_Baseline\Trades\Backtest\DEMO_ACCOUNT\OOS\listOfTrades_USDCAD_30_2.34.141_BUY_M15_OOS.csv,0.1,6.2,62.0,366.42,0.0,366.42,6.2,6.2,15623.38
1196,USDCAD,BUY,2025-12-01 14:45:00+00:00,2025-12-01 18:27:40+00:00,1.39638,1.39807,11.59,11.59,2.34.141,DEMO,OOS,0.0,0.1,0.1,DEMO_ACCOUNT,0.1,C:\Users\Leon\Desktop\QUANT\Data_Center\Data\2_Baseline\Trades\Backtest\DEMO_ACCOUNT\OOS\listOfTrades_USDCAD_30_2.34.141_BUY_M15_OOS.csv,0.1,6.2,62.0,718.58,0.0,718.58,6.2,6.2,16341.96
1198,USDCAD,BUY,2025-12-02 06:19:00+00:00,2025-12-02 11:33:20+00:00,1.39976,1.40082,7.07,7.07,2.34.141,DEMO,OOS,0.0,0.1,0.1,DEMO_ACCOUNT,0.1,C:\Users\Leon\Desktop\QUANT\Data_Center\Data\2_Baseline\Trades\Backtest\DEMO_ACCOUNT\OOS\listOfTrades_USDCAD_30_2.34.141_BUY_M15_OOS.csv,0.1,6.2,62.0,438.34000000000003,0.0,438.34000000000003,6.2,6.2,16780.3
1200,USDCAD,BUY,2025-12-03 11:00:00+00:00,2025-12-03 23:45:00+00:00,1.39613,1.39515,-7.52,-7.52,2.34.141,DEMO,OOS,0.0,0.1,0.1,DEMO_ACCOUNT,0.1,C:\Users\Leon\Desktop\QUANT\Data_Center\Data\2_Baseline\Trades\Backtest\DEMO_ACCOUNT\OOS\listOfTrades_USDCAD_30_2.34.141_BUY_M15_OOS.csv,0.1,6.2,62.0,-466.23999999999995,0.0,-466.23999999999995,6.2,6.2,16314.06
1202,USDCAD,BUY,2025-12-04 16:30:00+00:00,2025-12-04 23:45:00+00:00,1.39562,1.39598,2.08,2.08,2.34.141,DEMO,OOS,0.0,0.1,0.1,DEMO_ACCOUNT,0.1,C:\Users\Leon\Desktop\QUANT\Data_Center\Data\2_Baseline\Trades\Backtest\DEMO_ACCOUNT\OOS\listOfTrades_USDCAD_30_2.34.141_BUY_M15_OOS.csv,0.1,6.2,62.0,128.96,0.0,128.96,6.2,6.2,16443.02
1204,USDCAD,BUY,2025-12-05 00:15:00+00:00,2025-12-05 16:04:40+00:00,1.39583,1.38783,-58.14,-58.14,2.34.141,DEMO,OOS,0.0,0.1,0.1,DEMO_ACCOUNT,0.1,C:\Users\Leon\Desktop\QUANT\Data_Center\Data\2_Baseline\Trades\Backtest\DEMO_ACCOUNT\OOS\listOfTrades_USDCAD_30_2.34.141_BUY_M15_OOS.csv,0.1,6.2,62.0,-3604.68,0.0,-3604.68,6.2,6.2,12838.34
1206,USDCAD,BUY,2025-12-08 08:15:00+00:00,2025-12-08 17:29:40+00:00,1.38159,1.38299,9.62,9.62,2.34.141,DEMO,OOS,0.0,0.1,0.1,DEMO_ACCOUNT,0.1,C:\Users\Leon\Desktop\QUANT\Data_Center\Data\2_Baseline\Trades\Backtest\DEMO_ACCOUNT\OOS\listOfTrades_USDCAD_30_2.34.141_BUY_M15_OOS.csv,0.1,6.2,62.0,596.4399999999999,0.0,596.4399999999999,6.2,6.2,13434.78
1208,USDCAD,BUY,2025-12-09 07:00:00+00:00,2025-12-09 20:02:40+00:00,1.3846,1.38581,8.23,8.23,2.34.141,DEMO,OOS,0.0,0.1,0.1,DEMO_ACCOUNT,0.1,C:\Users\Leon\Desktop\QUANT\Data_Center\Data\2_Baseline\Trades\Backtest\DEMO_ACCOUNT\OOS\listOfTrades_USDCAD_30_2.34.141_BUY_M15_OOS.csv,0.1,6.2,62.0,510.26000000000005,0.0,510.26000000000005,6.2,6.2,13945.04
1210,USDCAD,BUY,2025-12-11 15:30:00+00:00,2025-12-11 23:45:00+00:00,1.3791,1.37698,-15.9,-15.9,2.34.141,DEMO,OOS,0.0,0.1,0.1,DEMO_ACCOUNT,0.1,C:\Users\Leon\Desktop\QUANT\Data_Center\Data\2_Baseline\Trades\Backtest\DEMO_ACCOUNT\OOS\listOfTrades_USDCAD_30_2.34.141_BUY_M15_OOS.csv,0.1,6.2,62.0,-985.8000000000001,0.0,-985.8000000000001,6.2,6.2,12959.240000000002
1212,USDCAD,BUY,2025-12-12 09:45:00+00:00,2025-12-12 17:51:40+00:00,1.37674,1.37804,8.93,8.93,2.34.141,DEMO,OOS,0.0,0.1,0.1,DEMO_ACCOUNT,0.1,C:\Users\Leon\Desktop\QUANT\Data_Center\Data\2_Baseline\Trades\Backtest\DEMO_ACCOUNT\OOS\listOfTrades_USDCAD_30_2.34.141_BUY_M15_OOS.csv,0.1,6.2,62.0,553.66,0.0,553.66,6.2,6.2,13512.900000000001
1214,USDCAD,BUY,2025-12-15 00:15:00+00:00,2025-12-15 23:45:00+00:00,1.37735,1.37728,-1.01,-1.01,2.34.141,DEMO,OOS,0.0,0.1,0.1,DEMO_ACCOUNT,0.1,C:\Users\Leon\Desktop\QUANT\Data_Center\Data\2_Baseline\Trades\Backtest\DEMO_ACCOUNT\OOS\listOfTrades_USDCAD_30_2.34.141_BUY_M15_OOS.csv,0.1,6.2,62.0,-62.62,0.0,-62.62,6.2,6.2,13450.28
1216,USDCAD,BUY,2025-12-23 10:15:00+00:00,2025-12-23 23:45:00+00:00,1.37302,1.36896,-30.16,-30.16,2.34.141,DEMO,OOS,0.0,0.1,0.1,DEMO_ACCOUNT,0.1,C:\Users\Leon\Desktop\QUANT\Data_Center\Data\2_Baseline\Trades\Backtest\DEMO_ACCOUNT\OOS\listOfTrades_USDCAD_30_2.34.141_BUY_M15_OOS.csv,0.1,6.2,62.0,-1869.92,0.0,-1869.92,6.2,6.2,11580.36
1218,USDCAD,BUY,2025-12-24 11:15:00+00:00,2025-12-24 23:45:00+00:00,1.36747,1.36717,-2.69,-2.69,2.34.141,DEMO,OOS,0.0,0.1,0.1,DEMO_ACCOUNT,0.1,C:\Users\Leon\Desktop\QUANT\Data_Center\Data\2_Baseline\Trades\Backtest\DEMO_ACCOUNT\OOS\listOfTrades_USDCAD_30_2.34.141_BUY_M15_OOS.csv,0.1,6.2,62.0,-166.78,0.0,-166.78,6.2,6.2,11413.58
1220,USDCAD,BUY,2025-12-26 00:30:00+00:00,2025-12-26 23:45:00+00:00,1.36794,1.36701,-7.3,-7.3,2.34.141,DEMO,OOS,0.0,0.1,0.1,DEMO_ACCOUNT,0.1,C:\Users\Leon\Desktop\QUANT\Data_Center\Data\2_Baseline\Trades\Backtest\DEMO_ACCOUNT\OOS\listOfTrades_USDCAD_30_2.34.141_BUY_M15_OOS.csv,0.1,6.2,62.0,-452.59999999999997,0.0,-452.59999999999997,6.2,6.2,10960.98
1222,USDCAD,BUY,2025-12-31 15:15:00+00:00,2025-12-31 17:02:40+00:00,1.36919,1.37074,10.81,10.81,2.34.141,DEMO,OOS,0.0,0.1,0.1,DEMO_ACCOUNT,0.1,C:\Users\Leon\Desktop\QUANT\Data_Center\Data\2_Baseline\Trades\Backtest\DEMO_ACCOUNT\OOS\listOfTrades_USDCAD_30_2.34.141_BUY_M15_OOS.csv,0.1,6.2,62.0,670.22,0.0,670.22,6.2,6.2,11631.199999999999
1224,USDCAD,BUY,2026-01-06 08:45:00+00:00,2026-01-06 13:19:40+00:00,1.37598,1.37734,9.37,9.37,2.34.141,DEMO,OOS,0.0,0.1,0.1,DEMO_ACCOUNT,0.1,C:\Users\Leon\Desktop\QUANT\Data_Center\Data\2_Baseline\Trades\Backtest\DEMO_ACCOUNT\OOS\listOfTrades_USDCAD_30_2.34.141_BUY_M15_OOS.csv,0.1,6.2,62.0,580.9399999999999,0.0,580.9399999999999,6.2,6.2,12212.14
1226,USDCAD,BUY,2026-01-07 12:45:00+00:00,2026-01-07 18:16:40+00:00,1.38081,1.38231,10.35,10.35,2.34.141,DEMO,OOS,0.0,0.1,0.1,DEMO_ACCOUNT,0.1,C:\Users\Leon\Desktop\QUANT\Data_Center\Data\2_Baseline\Trades\Backtest\DEMO_ACCOUNT\OOS\listOfTrades_USDCAD_30_2.34.141_BUY_M15_OOS.csv,0.1,6.2,62.0,641.6999999999999,0.0,641.6999999999999,6.2,6.2,12853.84
1228,USDCAD,BUY,2026-01-08 15:30:00+00:00,2026-01-08 19:38:40+00:00,1.38563,1.38754,13.27,13.27,2.34.141,DEMO,OOS,0.0,0.1,0.1,DEMO_ACCOUNT,0.1,C:\Users\Leon\Desktop\QUANT\Data_Center\Data\2_Baseline\Trades\Backtest\DEMO_ACCOUNT\OOS\listOfTrades_USDCAD_30_2.34.141_BUY_M15_OOS.csv,0.1,6.2,62.0,822.74,0.0,822.74,6.2,6.2,13676.58
1230,USDCAD,BUY,2026-01-12 09:30:00+00:00,2026-01-12 23:45:00+00:00,1.38794,1.38736,-4.68,-4.68,2.34.141,DEMO,OOS,0.0,0.1,0.1,DEMO_ACCOUNT,0.1,C:\Users\Leon\Desktop\QUANT\Data_Center\Data\2_Baseline\Trades\Backtest\DEMO_ACCOUNT\OOS\listOfTrades_USDCAD_30_2.34.141_BUY_M15_OOS.csv,0.1,6.2,62.0,-290.15999999999997,0.0,-290.15999999999997,6.2,6.2,13386.42
1232,USDCAD,BUY,2026-01-19 12:45:00+00:00,2026-01-19 23:45:00+00:00,1.38884,1.38694,-14.2,-14.2,2.34.141,DEMO,OOS,0.0,0.1,0.1,DEMO_ACCOUNT,0.1,C:\Users\Leon\Desktop\QUANT\Data_Center\Data\2_Baseline\Trades\Backtest\DEMO_ACCOUNT\OOS\listOfTrades_USDCAD_30_2.34.141_BUY_M15_OOS.csv,0.1,6.2,62.0,-880.4,0.0,-880.4,6.2,6.2,12506.02
1234,USDCAD,BUY,2026-01-20 09:15:00+00:00,2026-01-20 23:45:00+00:00,1.38547,1.38414,-10.11,-10.11,2.34.141,DEMO,OOS,0.0,0.1,0.1,DEMO_ACCOUNT,0.1,C:\Users\Leon\Desktop\QUANT\Data_Center\Data\2_Baseline\Trades\Backtest\DEMO_ACCOUNT\OOS\listOfTrades_USDCAD_30_2.34.141_BUY_M15_OOS.csv,0.1,6.2,62.0,-626.8199999999999,0.0,-626.8199999999999,6.2,6.2,11879.2
1236,USDCAD,BUY,2026-01-21 20:00:00+00:00,2026-01-21 23:45:00+00:00,1.38164,1.38312,10.2,10.2,2.34.141,DEMO,OOS,0.0,0.1,0.1,DEMO_ACCOUNT,0.1,C:\Users\Leon\Desktop\QUANT\Data_Center\Data\2_Baseline\Trades\Backtest\DEMO_ACCOUNT\OOS\listOfTrades_USDCAD_30_2.34.141_BUY_M15_OOS.csv,0.1,6.2,62.0,632.4,0.0,632.4,6.2,6.2,12511.6
1238,USDCAD,BUY,2026-01-26 12:30:00+00:00,2026-01-26 14:53:40+00:00,1.36752,1.36964,14.98,14.98,2.34.141,DEMO,OOS,0.0,0.1,0.1,DEMO_ACCOUNT,0.1,C:\Users\Leon\Desktop\QUANT\Data_Center\Data\2_Baseline\Trades\Backtest\DEMO_ACCOUNT\OOS\listOfTrades_USDCAD_30_2.34.141_BUY_M15_OOS.csv,0.1,6.2,62.0,928.76,0.0,928.76,6.2,6.2,13440.36
1240,USDCAD,BUY,2026-01-27 12:00:00+00:00,2026-01-27 17:02:40+00:00,1.37081,1.36281,-59.2,-59.2,2.34.141,DEMO,OOS,0.0,0.1,0.1,DEMO_ACCOUNT,0.1,C:\Users\Leon\Desktop\QUANT\Data_Center\Data\2_Baseline\Trades\Backtest\DEMO_ACCOUNT\OOS\listOfTrades_USDCAD_30_2.34.141_BUY_M15_OOS.csv,0.1,6.2,62.0,-3670.4,0.0,-3670.4,6.2,6.2,9769.960000000001
1242,USDCAD,BUY,2026-01-28 07:00:00+00:00,2026-01-28 23:45:00+00:00,1.35945,1.35557,-29.12,-29.12,2.34.141,DEMO,OOS,0.0,0.1,0.1,DEMO_ACCOUNT,0.1,C:\Users\Leon\Desktop\QUANT\Data_Center\Data\2_Baseline\Trades\Backtest\DEMO_ACCOUNT\OOS\listOfTrades_USDCAD_30_2.34.141_BUY_M15_OOS.csv,0.1,6.2,62.0,-1805.44,0.0,-1805.44,6.2,6.2,7964.52
1244,USDCAD,BUY,2026-01-29 07:15:00+00:00,2026-01-29 12:42:40+00:00,1.35205,1.35481,19.87,19.87,2.34.141,DEMO,OOS,0.0,0.1,0.1,DEMO_ACCOUNT,0.1,C:\Users\Leon\Desktop\QUANT\Data_Center\Data\2_Baseline\Trades\Backtest\DEMO_ACCOUNT\OOS\listOfTrades_USDCAD_30_2.34.141_BUY_M15_OOS.csv,0.1,6.2,62.0,1231.94,0.0,1231.94,6.2,6.2,9196.460000000001
1246,USDCAD,BUY,2026-02-03 09:45:00+00:00,2026-02-03 11:02:40+00:00,1.36541,1.36765,15.88,15.88,2.34.141,DEMO,OOS,0.0,0.1,0.1,DEMO_ACCOUNT,0.1,C:\Users\Leon\Desktop\QUANT\Data_Center\Data\2_Baseline\Trades\Backtest\DEMO_ACCOUNT\OOS\listOfTrades_USDCAD_30_2.34.141_BUY_M15_OOS.csv,0.1,6.2,62.0,984.5600000000001,0.0,984.5600000000001,6.2,6.2,10181.02
1248,USDCAD,BUY,2026-02-05 16:15:00+00:00,2026-02-05 18:00:40+00:00,1.36606,1.36863,18.28,18.28,2.34.141,DEMO,OOS,0.0,0.1,0.1,DEMO_ACCOUNT,0.1,C:\Users\Leon\Desktop\QUANT\Data_Center\Data\2_Baseline\Trades\Backtest\DEMO_ACCOUNT\OOS\listOfTrades_USDCAD_30_2.34.141_BUY_M15_OOS.csv,0.1,6.2,62.0,1133.3600000000001,0.0,1133.3600000000001,6.2,6.2,11314.380000000001
1250,USDCAD,BUY,2026-02-06 07:30:00+00:00,2026-02-06 23:45:00+00:00,1.36943,1.36541,-29.94,-29.94,2.34.141,DEMO,OOS,0.0,0.1,0.1,DEMO_ACCOUNT,0.1,C:\Users\Leon\Desktop\QUANT\Data_Center\Data\2_Baseline\Trades\Backtest\DEMO_ACCOUNT\OOS\listOfTrades_USDCAD_30_2.34.141_BUY_M15_OOS.csv,0.1,6.2,62.0,-1856.28,0.0,-1856.28,6.2,6.2,9458.1
1252,USDCAD,BUY,2026-02-10 16:15:00+00:00,2026-02-10 23:45:00+00:00,1.35449,1.35521,4.81,4.81,2.34.141,DEMO,OOS,0.0,0.1,0.1,DEMO_ACCOUNT,0.1,C:\Users\Leon\Desktop\QUANT\Data_Center\Data\2_Baseline\Trades\Backtest\DEMO_ACCOUNT\OOS\listOfTrades_USDCAD_30_2.34.141_BUY_M15_OOS.csv,0.1,6.2,62.0,298.21999999999997,0.0,298.21999999999997,6.2,6.2,9756.32
1254,USDCAD,BUY,2026-02-11 00:15:00+00:00,2026-02-11 15:30:40+00:00,1.35546,1.35778,16.59,16.59,2.34.141,DEMO,OOS,0.0,0.1,0.1,DEMO_ACCOUNT,0.1,C:\Users\Leon\Desktop\QUANT\Data_Center\Data\2_Baseline\Trades\Backtest\DEMO_ACCOUNT\OOS\listOfTrades_USDCAD_30_2.34.141_BUY_M15_OOS.csv,0.1,6.2,62.0,1028.58,0.0,1028.58,6.2,6.2,10784.9
1256,USDCAD,BUY,2026-02-12 12:00:00+00:00,2026-02-12 16:52:40+00:00,1.35642,1.35863,15.77,15.77,2.34.141,DEMO,OOS,0.0,0.1,0.1,DEMO_ACCOUNT,0.1,C:\Users\Leon\Desktop\QUANT\Data_Center\Data\2_Baseline\Trades\Backtest\DEMO_ACCOUNT\OOS\listOfTrades_USDCAD_30_2.34.141_BUY_M15_OOS.csv,0.1,6.2,62.0,977.74,0.0,977.74,6.2,6.2,11762.64
1258,USDCAD,BUY,2026-02-13 11:00:00+00:00,2026-02-13 13:52:40+00:00,1.36027,1.36238,14.99,14.99,2.34.141,DEMO,OOS,0.0,0.1,0.1,DEMO_ACCOUNT,0.1,C:\Users\Leon\Desktop\QUANT\Data_Center\Data\2_Baseline\Trades\Backtest\DEMO_ACCOUNT\OOS\listOfTrades_USDCAD_30_2.34.141_BUY_M15_OOS.csv,0.1,6.2,62.0,929.38,0.0,929.38,6.2,6.2,12692.019999999999
1260,USDCAD,BUY,2026-02-18 00:15:00+00:00,2026-02-18 09:32:40+00:00,1.36385,1.36606,15.68,15.68,2.34.141,DEMO,OOS,0.0,0.1,0.1,DEMO_ACCOUNT,0.1,C:\Users\Leon\Desktop\QUANT\Data_Center\Data\2_Baseline\Trades\Backtest\DEMO_ACCOUNT\OOS\listOfTrades_USDCAD_30_2.34.141_BUY_M15_OOS.csv,0.1,6.2,62.0,972.16,0.0,972.16,6.2,6.2,13664.179999999998
1262,USDCAD,BUY,2026-02-19 09:15:00+00:00,2026-02-19 15:02:40+00:00,1.36868,1.36999,9.06,9.06,2.34.141,DEMO,OOS,0.0,0.1,0.1,DEMO_ACCOUNT,0.1,C:\Users\Leon\Desktop\QUANT\Data_Center\Data\2_Baseline\Trades\Backtest\DEMO_ACCOUNT\OOS\listOfTrades_USDCAD_30_2.34.141_BUY_M15_OOS.csv,0.1,6.2,62.0,561.72,0.0,561.72,6.2,6.2,14225.899999999998
1264,USDCAD,BUY,2026-03-03 20:45:00+00:00,2026-03-03 23:45:00+00:00,1.36587,1.36796,14.78,14.78,2.34.141,DEMO,OOS,0.0,0.1,0.1,DEMO_ACCOUNT,0.1,C:\Users\Leon\Desktop\QUANT\Data_Center\Data\2_Baseline\Trades\Backtest\DEMO_ACCOUNT\OOS\listOfTrades_USDCAD_30_2.34.141_BUY_M15_OOS.csv,0.1,6.2,62.0,916.36,0.0,916.36,6.2,6.2,15142.259999999998
1266,USDCAD,BUY,2026-03-04 08:45:00+00:00,2026-03-04 23:45:00+00:00,1.36749,1.36407,-25.57,-25.57,2.34.141,DEMO,OOS,0.0,0.1,0.1,DEMO_ACCOUNT,0.1,C:\Users\Leon\Desktop\QUANT\Data_Center\Data\2_Baseline\Trades\Backtest\DEMO_ACCOUNT\OOS\listOfTrades_USDCAD_30_2.34.141_BUY_M15_OOS.csv,0.1,6.2,62.0,-1585.34,0.0,-1585.34,6.2,6.2,13556.919999999998
1268,USDCAD,BUY,2026-03-05 15:00:00+00:00,2026-03-05 16:00:40+00:00,1.36226,1.36506,20.01,20.01,2.34.141,DEMO,OOS,0.0,0.1,0.1,DEMO_ACCOUNT,0.1,C:\Users\Leon\Desktop\QUANT\Data_Center\Data\2_Baseline\Trades\Backtest\DEMO_ACCOUNT\OOS\listOfTrades_USDCAD_30_2.34.141_BUY_M15_OOS.csv,0.1,6.2,62.0,1240.6200000000001,0.0,1240.6200000000001,6.2,6.2,14797.539999999999
1270,USDCAD,BUY,2026-03-09 06:45:00+00:00,2026-03-09 23:38:40+00:00,1.35629,1.3597,24.58,24.58,2.34.141,DEMO,OOS,0.0,0.1,0.1,DEMO_ACCOUNT,0.1,C:\Users\Leon\Desktop\QUANT\Data_Center\Data\2_Baseline\Trades\Backtest\DEMO_ACCOUNT\OOS\listOfTrades_USDCAD_30_2.34.141_BUY_M15_OOS.csv,0.1,6.2,62.0,1523.9599999999998,0.0,1523.9599999999998,6.2,6.2,16321.499999999998
