position_id,symbol,direction,open_time_utc,close_time_utc,entry_price,exit_price,profit_sum,net_sum,strategy_id,account_type,sample_type,commission_sum,volume_in,volume_out,account_group,base_lot_detected,source_file,base_lot,target_lot,lot_scale_factor,scaled_profit_sum,scaled_commission_sum,scaled_net_sum,scaled_volume_in,scaled_volume_out,scaled_cumulative_net_sum
922,AUDUSD,SELL,2024-07-04 04:45:00+00:00,2024-07-04 15:19:20+00:00,0.67204,0.67318,-11.9,-11.9,5.9.126,DEMO,OOS,0.0,0.1,0.1,DEMO_ACCOUNT,0.1,C:\Users\Leon\Desktop\QUANT\Data_Center\Data\2_Baseline\Trades\Backtest\DEMO_ACCOUNT\OOS\listOfTrades_AUDUSD_6_5.9.126_SELL_M15_OOS.csv,0.1,1.3,13.0,-154.70000000000002,0.0,-154.70000000000002,1.3,1.3,-154.70000000000002
924,AUDUSD,SELL,2024-07-05 03:30:00+00:00,2024-07-05 15:30:20+00:00,0.67295,0.6717,12.0,12.0,5.9.126,DEMO,OOS,0.0,0.1,0.1,DEMO_ACCOUNT,0.1,C:\Users\Leon\Desktop\QUANT\Data_Center\Data\2_Baseline\Trades\Backtest\DEMO_ACCOUNT\OOS\listOfTrades_AUDUSD_6_5.9.126_SELL_M15_OOS.csv,0.1,1.3,13.0,156.0,0.0,156.0,1.3,1.3,1.299999999999983
926,AUDUSD,SELL,2024-07-08 06:30:00+00:00,2024-07-08 23:45:00+00:00,0.67563,0.67364,19.4,19.4,5.9.126,DEMO,OOS,0.0,0.1,0.1,DEMO_ACCOUNT,0.1,C:\Users\Leon\Desktop\QUANT\Data_Center\Data\2_Baseline\Trades\Backtest\DEMO_ACCOUNT\OOS\listOfTrades_AUDUSD_6_5.9.126_SELL_M15_OOS.csv,0.1,1.3,13.0,252.2,0.0,252.2,1.3,1.3,253.49999999999997
928,AUDUSD,SELL,2024-07-09 02:45:00+00:00,2024-07-09 17:05:40+00:00,0.67412,0.67279,12.8,12.8,5.9.126,DEMO,OOS,0.0,0.1,0.1,DEMO_ACCOUNT,0.1,C:\Users\Leon\Desktop\QUANT\Data_Center\Data\2_Baseline\Trades\Backtest\DEMO_ACCOUNT\OOS\listOfTrades_AUDUSD_6_5.9.126_SELL_M15_OOS.csv,0.1,1.3,13.0,166.4,0.0,166.4,1.3,1.3,419.9
930,AUDUSD,SELL,2024-07-10 17:15:00+00:00,2024-07-10 23:45:00+00:00,0.67473,0.6747,-0.2,-0.2,5.9.126,DEMO,OOS,0.0,0.1,0.1,DEMO_ACCOUNT,0.1,C:\Users\Leon\Desktop\QUANT\Data_Center\Data\2_Baseline\Trades\Backtest\DEMO_ACCOUNT\OOS\listOfTrades_AUDUSD_6_5.9.126_SELL_M15_OOS.csv,0.1,1.3,13.0,-2.6,0.0,-2.6,1.3,1.3,417.29999999999995
932,AUDUSD,SELL,2024-07-11 15:45:00+00:00,2024-07-11 17:05:40+00:00,0.67953,0.67904,4.4,4.4,5.9.126,DEMO,OOS,0.0,0.1,0.1,DEMO_ACCOUNT,0.1,C:\Users\Leon\Desktop\QUANT\Data_Center\Data\2_Baseline\Trades\Backtest\DEMO_ACCOUNT\OOS\listOfTrades_AUDUSD_6_5.9.126_SELL_M15_OOS.csv,0.1,1.3,13.0,57.2,0.0,57.2,1.3,1.3,474.49999999999994
934,AUDUSD,SELL,2024-07-12 02:30:00+00:00,2024-07-12 11:33:40+00:00,0.67662,0.67761,-10.4,-10.4,5.9.126,DEMO,OOS,0.0,0.1,0.1,DEMO_ACCOUNT,0.1,C:\Users\Leon\Desktop\QUANT\Data_Center\Data\2_Baseline\Trades\Backtest\DEMO_ACCOUNT\OOS\listOfTrades_AUDUSD_6_5.9.126_SELL_M15_OOS.csv,0.1,1.3,13.0,-135.20000000000002,0.0,-135.20000000000002,1.3,1.3,339.29999999999995
936,AUDUSD,SELL,2024-07-15 06:15:00+00:00,2024-07-15 11:27:40+00:00,0.67779,0.67881,-10.7,-10.7,5.9.126,DEMO,OOS,0.0,0.1,0.1,DEMO_ACCOUNT,0.1,C:\Users\Leon\Desktop\QUANT\Data_Center\Data\2_Baseline\Trades\Backtest\DEMO_ACCOUNT\OOS\listOfTrades_AUDUSD_6_5.9.126_SELL_M15_OOS.csv,0.1,1.3,13.0,-139.1,0.0,-139.1,1.3,1.3,200.19999999999996
938,AUDUSD,SELL,2024-07-16 21:30:00+00:00,2024-07-16 23:45:00+00:00,0.67311,0.67346,-4.0,-4.0,5.9.126,DEMO,OOS,0.0,0.1,0.1,DEMO_ACCOUNT,0.1,C:\Users\Leon\Desktop\QUANT\Data_Center\Data\2_Baseline\Trades\Backtest\DEMO_ACCOUNT\OOS\listOfTrades_AUDUSD_6_5.9.126_SELL_M15_OOS.csv,0.1,1.3,13.0,-52.0,0.0,-52.0,1.3,1.3,148.19999999999996
940,AUDUSD,SELL,2024-07-17 05:00:00+00:00,2024-07-17 11:52:40+00:00,0.67393,0.67512,-12.4,-12.4,5.9.126,DEMO,OOS,0.0,0.1,0.1,DEMO_ACCOUNT,0.1,C:\Users\Leon\Desktop\QUANT\Data_Center\Data\2_Baseline\Trades\Backtest\DEMO_ACCOUNT\OOS\listOfTrades_AUDUSD_6_5.9.126_SELL_M15_OOS.csv,0.1,1.3,13.0,-161.20000000000002,0.0,-161.20000000000002,1.3,1.3,-13.000000000000057
942,AUDUSD,SELL,2024-07-18 05:15:00+00:00,2024-07-18 21:39:40+00:00,0.67355,0.67047,30.3,30.3,5.9.126,DEMO,OOS,0.0,0.1,0.1,DEMO_ACCOUNT,0.1,C:\Users\Leon\Desktop\QUANT\Data_Center\Data\2_Baseline\Trades\Backtest\DEMO_ACCOUNT\OOS\listOfTrades_AUDUSD_6_5.9.126_SELL_M15_OOS.csv,0.1,1.3,13.0,393.90000000000003,0.0,393.90000000000003,1.3,1.3,380.9
944,AUDUSD,SELL,2024-07-22 01:15:00+00:00,2024-07-22 05:00:40+00:00,0.66913,0.66707,20.1,20.1,5.9.126,DEMO,OOS,0.0,0.1,0.1,DEMO_ACCOUNT,0.1,C:\Users\Leon\Desktop\QUANT\Data_Center\Data\2_Baseline\Trades\Backtest\DEMO_ACCOUNT\OOS\listOfTrades_AUDUSD_6_5.9.126_SELL_M15_OOS.csv,0.1,1.3,13.0,261.3,0.0,261.3,1.3,1.3,642.2
946,AUDUSD,SELL,2024-07-24 14:45:00+00:00,2024-07-24 22:01:40+00:00,0.66037,0.65793,23.9,23.9,5.9.126,DEMO,OOS,0.0,0.1,0.1,DEMO_ACCOUNT,0.1,C:\Users\Leon\Desktop\QUANT\Data_Center\Data\2_Baseline\Trades\Backtest\DEMO_ACCOUNT\OOS\listOfTrades_AUDUSD_6_5.9.126_SELL_M15_OOS.csv,0.1,1.3,13.0,310.7,0.0,310.7,1.3,1.3,952.9000000000001
948,AUDUSD,SELL,2024-07-25 17:30:00+00:00,2024-07-25 23:45:00+00:00,0.65512,0.65369,13.8,13.8,5.9.126,DEMO,OOS,0.0,0.1,0.1,DEMO_ACCOUNT,0.1,C:\Users\Leon\Desktop\QUANT\Data_Center\Data\2_Baseline\Trades\Backtest\DEMO_ACCOUNT\OOS\listOfTrades_AUDUSD_6_5.9.126_SELL_M15_OOS.csv,0.1,1.3,13.0,179.4,0.0,179.4,1.3,1.3,1132.3000000000002
950,AUDUSD,SELL,2024-07-26 04:45:00+00:00,2024-07-26 23:45:00+00:00,0.65506,0.65493,0.8,0.8,5.9.126,DEMO,OOS,0.0,0.1,0.1,DEMO_ACCOUNT,0.1,C:\Users\Leon\Desktop\QUANT\Data_Center\Data\2_Baseline\Trades\Backtest\DEMO_ACCOUNT\OOS\listOfTrades_AUDUSD_6_5.9.126_SELL_M15_OOS.csv,0.1,1.3,13.0,10.4,0.0,10.4,1.3,1.3,1142.7000000000003
952,AUDUSD,SELL,2024-07-29 02:30:00+00:00,2024-07-29 15:58:40+00:00,0.65598,0.65383,21.0,21.0,5.9.126,DEMO,OOS,0.0,0.1,0.1,DEMO_ACCOUNT,0.1,C:\Users\Leon\Desktop\QUANT\Data_Center\Data\2_Baseline\Trades\Backtest\DEMO_ACCOUNT\OOS\listOfTrades_AUDUSD_6_5.9.126_SELL_M15_OOS.csv,0.1,1.3,13.0,273.0,0.0,273.0,1.3,1.3,1415.7000000000003
954,AUDUSD,SELL,2024-07-30 01:15:00+00:00,2024-07-30 04:45:40+00:00,0.65552,0.65361,18.6,18.6,5.9.126,DEMO,OOS,0.0,0.1,0.1,DEMO_ACCOUNT,0.1,C:\Users\Leon\Desktop\QUANT\Data_Center\Data\2_Baseline\Trades\Backtest\DEMO_ACCOUNT\OOS\listOfTrades_AUDUSD_6_5.9.126_SELL_M15_OOS.csv,0.1,1.3,13.0,241.8,0.0,241.8,1.3,1.3,1657.5000000000002
956,AUDUSD,SELL,2024-07-31 02:30:00+00:00,2024-07-31 04:30:40+00:00,0.65434,0.65246,18.3,18.3,5.9.126,DEMO,OOS,0.0,0.1,0.1,DEMO_ACCOUNT,0.1,C:\Users\Leon\Desktop\QUANT\Data_Center\Data\2_Baseline\Trades\Backtest\DEMO_ACCOUNT\OOS\listOfTrades_AUDUSD_6_5.9.126_SELL_M15_OOS.csv,0.1,1.3,13.0,237.9,0.0,237.9,1.3,1.3,1895.4000000000003
958,AUDUSD,SELL,2024-08-01 15:30:00+00:00,2024-08-01 19:42:40+00:00,0.65464,0.6514,31.9,31.9,5.9.126,DEMO,OOS,0.0,0.1,0.1,DEMO_ACCOUNT,0.1,C:\Users\Leon\Desktop\QUANT\Data_Center\Data\2_Baseline\Trades\Backtest\DEMO_ACCOUNT\OOS\listOfTrades_AUDUSD_6_5.9.126_SELL_M15_OOS.csv,0.1,1.3,13.0,414.7,0.0,414.7,1.3,1.3,2310.1000000000004
960,AUDUSD,SELL,2024-08-02 04:45:00+00:00,2024-08-02 09:34:40+00:00,0.65088,0.65239,-15.6,-15.6,5.9.126,DEMO,OOS,0.0,0.1,0.1,DEMO_ACCOUNT,0.1,C:\Users\Leon\Desktop\QUANT\Data_Center\Data\2_Baseline\Trades\Backtest\DEMO_ACCOUNT\OOS\listOfTrades_AUDUSD_6_5.9.126_SELL_M15_OOS.csv,0.1,1.3,13.0,-202.79999999999998,0.0,-202.79999999999998,1.3,1.3,2107.3
962,AUDUSD,SELL,2024-08-05 16:15:00+00:00,2024-08-05 16:46:20+00:00,0.64745,0.65098,-35.8,-35.8,5.9.126,DEMO,OOS,0.0,0.1,0.1,DEMO_ACCOUNT,0.1,C:\Users\Leon\Desktop\QUANT\Data_Center\Data\2_Baseline\Trades\Backtest\DEMO_ACCOUNT\OOS\listOfTrades_AUDUSD_6_5.9.126_SELL_M15_OOS.csv,0.1,1.3,13.0,-465.4,0.0,-465.4,1.3,1.3,1641.9
964,AUDUSD,SELL,2024-08-06 01:15:00+00:00,2024-08-06 17:46:40+00:00,0.65031,0.652,-17.4,-17.4,5.9.126,DEMO,OOS,0.0,0.1,0.1,DEMO_ACCOUNT,0.1,C:\Users\Leon\Desktop\QUANT\Data_Center\Data\2_Baseline\Trades\Backtest\DEMO_ACCOUNT\OOS\listOfTrades_AUDUSD_6_5.9.126_SELL_M15_OOS.csv,0.1,1.3,13.0,-226.2,0.0,-226.2,1.3,1.3,1415.7
966,AUDUSD,SELL,2024-08-07 03:45:00+00:00,2024-08-07 23:45:00+00:00,0.6532,0.65203,11.2,11.2,5.9.126,DEMO,OOS,0.0,0.1,0.1,DEMO_ACCOUNT,0.1,C:\Users\Leon\Desktop\QUANT\Data_Center\Data\2_Baseline\Trades\Backtest\DEMO_ACCOUNT\OOS\listOfTrades_AUDUSD_6_5.9.126_SELL_M15_OOS.csv,0.1,1.3,13.0,145.6,0.0,145.6,1.3,1.3,1561.3
968,AUDUSD,SELL,2024-08-14 04:00:00+00:00,2024-08-14 15:32:40+00:00,0.66405,0.66164,23.6,23.6,5.9.126,DEMO,OOS,0.0,0.1,0.1,DEMO_ACCOUNT,0.1,C:\Users\Leon\Desktop\QUANT\Data_Center\Data\2_Baseline\Trades\Backtest\DEMO_ACCOUNT\OOS\listOfTrades_AUDUSD_6_5.9.126_SELL_M15_OOS.csv,0.1,1.3,13.0,306.8,0.0,306.8,1.3,1.3,1868.1
970,AUDUSD,SELL,2024-08-15 04:45:00+00:00,2024-08-15 17:49:40+00:00,0.66082,0.6628,-20.3,-20.3,5.9.126,DEMO,OOS,0.0,0.1,0.1,DEMO_ACCOUNT,0.1,C:\Users\Leon\Desktop\QUANT\Data_Center\Data\2_Baseline\Trades\Backtest\DEMO_ACCOUNT\OOS\listOfTrades_AUDUSD_6_5.9.126_SELL_M15_OOS.csv,0.1,1.3,13.0,-263.90000000000003,0.0,-263.90000000000003,1.3,1.3,1604.1999999999998
972,AUDUSD,SELL,2024-08-19 04:15:00+00:00,2024-08-19 17:00:40+00:00,0.66832,0.67023,-19.6,-19.6,5.9.126,DEMO,OOS,0.0,0.1,0.1,DEMO_ACCOUNT,0.1,C:\Users\Leon\Desktop\QUANT\Data_Center\Data\2_Baseline\Trades\Backtest\DEMO_ACCOUNT\OOS\listOfTrades_AUDUSD_6_5.9.126_SELL_M15_OOS.csv,0.1,1.3,13.0,-254.8,0.0,-254.8,1.3,1.3,1349.3999999999999
974,AUDUSD,SELL,2024-08-20 15:15:00+00:00,2024-08-20 23:45:00+00:00,0.67357,0.67488,-13.6,-13.6,5.9.126,DEMO,OOS,0.0,0.1,0.1,DEMO_ACCOUNT,0.1,C:\Users\Leon\Desktop\QUANT\Data_Center\Data\2_Baseline\Trades\Backtest\DEMO_ACCOUNT\OOS\listOfTrades_AUDUSD_6_5.9.126_SELL_M15_OOS.csv,0.1,1.3,13.0,-176.79999999999998,0.0,-176.79999999999998,1.3,1.3,1172.6
976,AUDUSD,SELL,2024-08-21 03:30:00+00:00,2024-08-21 10:48:40+00:00,0.6752,0.67341,17.4,17.4,5.9.126,DEMO,OOS,0.0,0.1,0.1,DEMO_ACCOUNT,0.1,C:\Users\Leon\Desktop\QUANT\Data_Center\Data\2_Baseline\Trades\Backtest\DEMO_ACCOUNT\OOS\listOfTrades_AUDUSD_6_5.9.126_SELL_M15_OOS.csv,0.1,1.3,13.0,226.2,0.0,226.2,1.3,1.3,1398.8
978,AUDUSD,SELL,2024-08-22 10:15:00+00:00,2024-08-22 15:34:20+00:00,0.67473,0.6724,22.8,22.8,5.9.126,DEMO,OOS,0.0,0.1,0.1,DEMO_ACCOUNT,0.1,C:\Users\Leon\Desktop\QUANT\Data_Center\Data\2_Baseline\Trades\Backtest\DEMO_ACCOUNT\OOS\listOfTrades_AUDUSD_6_5.9.126_SELL_M15_OOS.csv,0.1,1.3,13.0,296.40000000000003,0.0,296.40000000000003,1.3,1.3,1695.2
980,AUDUSD,SELL,2024-08-23 03:30:00+00:00,2024-08-23 12:21:40+00:00,0.67101,0.67297,-20.1,-20.1,5.9.126,DEMO,OOS,0.0,0.1,0.1,DEMO_ACCOUNT,0.1,C:\Users\Leon\Desktop\QUANT\Data_Center\Data\2_Baseline\Trades\Backtest\DEMO_ACCOUNT\OOS\listOfTrades_AUDUSD_6_5.9.126_SELL_M15_OOS.csv,0.1,1.3,13.0,-261.3,0.0,-261.3,1.3,1.3,1433.9
982,AUDUSD,SELL,2024-08-26 17:30:00+00:00,2024-08-26 23:45:00+00:00,0.67854,0.67709,14.0,14.0,5.9.126,DEMO,OOS,0.0,0.1,0.1,DEMO_ACCOUNT,0.1,C:\Users\Leon\Desktop\QUANT\Data_Center\Data\2_Baseline\Trades\Backtest\DEMO_ACCOUNT\OOS\listOfTrades_AUDUSD_6_5.9.126_SELL_M15_OOS.csv,0.1,1.3,13.0,182.0,0.0,182.0,1.3,1.3,1615.9
984,AUDUSD,SELL,2024-08-27 05:00:00+00:00,2024-08-27 21:01:40+00:00,0.6778,0.67917,-14.2,-14.2,5.9.126,DEMO,OOS,0.0,0.1,0.1,DEMO_ACCOUNT,0.1,C:\Users\Leon\Desktop\QUANT\Data_Center\Data\2_Baseline\Trades\Backtest\DEMO_ACCOUNT\OOS\listOfTrades_AUDUSD_6_5.9.126_SELL_M15_OOS.csv,0.1,1.3,13.0,-184.6,0.0,-184.6,1.3,1.3,1431.3000000000002
986,AUDUSD,SELL,2024-08-28 04:45:00+00:00,2024-08-28 15:05:40+00:00,0.6808,0.6776,31.5,31.5,5.9.126,DEMO,OOS,0.0,0.1,0.1,DEMO_ACCOUNT,0.1,C:\Users\Leon\Desktop\QUANT\Data_Center\Data\2_Baseline\Trades\Backtest\DEMO_ACCOUNT\OOS\listOfTrades_AUDUSD_6_5.9.126_SELL_M15_OOS.csv,0.1,1.3,13.0,409.5,0.0,409.5,1.3,1.3,1840.8000000000002
988,AUDUSD,SELL,2024-08-29 03:30:00+00:00,2024-08-29 09:07:40+00:00,0.67942,0.68107,-17.0,-17.0,5.9.126,DEMO,OOS,0.0,0.1,0.1,DEMO_ACCOUNT,0.1,C:\Users\Leon\Desktop\QUANT\Data_Center\Data\2_Baseline\Trades\Backtest\DEMO_ACCOUNT\OOS\listOfTrades_AUDUSD_6_5.9.126_SELL_M15_OOS.csv,0.1,1.3,13.0,-221.0,0.0,-221.0,1.3,1.3,1619.8000000000002
990,AUDUSD,SELL,2024-08-30 07:00:00+00:00,2024-08-30 15:50:40+00:00,0.68056,0.67786,26.5,26.5,5.9.126,DEMO,OOS,0.0,0.1,0.1,DEMO_ACCOUNT,0.1,C:\Users\Leon\Desktop\QUANT\Data_Center\Data\2_Baseline\Trades\Backtest\DEMO_ACCOUNT\OOS\listOfTrades_AUDUSD_6_5.9.126_SELL_M15_OOS.csv,0.1,1.3,13.0,344.5,0.0,344.5,1.3,1.3,1964.3000000000002
992,AUDUSD,SELL,2024-09-02 03:30:00+00:00,2024-09-02 09:47:40+00:00,0.67744,0.67809,-7.0,-7.0,5.9.126,DEMO,OOS,0.0,0.1,0.1,DEMO_ACCOUNT,0.1,C:\Users\Leon\Desktop\QUANT\Data_Center\Data\2_Baseline\Trades\Backtest\DEMO_ACCOUNT\OOS\listOfTrades_AUDUSD_6_5.9.126_SELL_M15_OOS.csv,0.1,1.3,13.0,-91.0,0.0,-91.0,1.3,1.3,1873.3000000000002
994,AUDUSD,SELL,2024-09-04 09:45:00+00:00,2024-09-04 16:06:40+00:00,0.67124,0.67268,-14.9,-14.9,5.9.126,DEMO,OOS,0.0,0.1,0.1,DEMO_ACCOUNT,0.1,C:\Users\Leon\Desktop\QUANT\Data_Center\Data\2_Baseline\Trades\Backtest\DEMO_ACCOUNT\OOS\listOfTrades_AUDUSD_6_5.9.126_SELL_M15_OOS.csv,0.1,1.3,13.0,-193.70000000000002,0.0,-193.70000000000002,1.3,1.3,1679.6000000000001
996,AUDUSD,SELL,2024-09-05 04:45:00+00:00,2024-09-05 16:17:40+00:00,0.67297,0.67385,-9.3,-9.3,5.9.126,DEMO,OOS,0.0,0.1,0.1,DEMO_ACCOUNT,0.1,C:\Users\Leon\Desktop\QUANT\Data_Center\Data\2_Baseline\Trades\Backtest\DEMO_ACCOUNT\OOS\listOfTrades_AUDUSD_6_5.9.126_SELL_M15_OOS.csv,0.1,1.3,13.0,-120.9,0.0,-120.9,1.3,1.3,1558.7
998,AUDUSD,SELL,2024-09-06 13:00:00+00:00,2024-09-06 15:30:40+00:00,0.67397,0.67475,-8.3,-8.3,5.9.126,DEMO,OOS,0.0,0.1,0.1,DEMO_ACCOUNT,0.1,C:\Users\Leon\Desktop\QUANT\Data_Center\Data\2_Baseline\Trades\Backtest\DEMO_ACCOUNT\OOS\listOfTrades_AUDUSD_6_5.9.126_SELL_M15_OOS.csv,0.1,1.3,13.0,-107.9,0.0,-107.9,1.3,1.3,1450.8
1000,AUDUSD,SELL,2024-09-09 04:15:00+00:00,2024-09-09 23:45:00+00:00,0.6681,0.6662,18.5,18.5,5.9.126,DEMO,OOS,0.0,0.1,0.1,DEMO_ACCOUNT,0.1,C:\Users\Leon\Desktop\QUANT\Data_Center\Data\2_Baseline\Trades\Backtest\DEMO_ACCOUNT\OOS\listOfTrades_AUDUSD_6_5.9.126_SELL_M15_OOS.csv,0.1,1.3,13.0,240.5,0.0,240.5,1.3,1.3,1691.3
1002,AUDUSD,SELL,2024-09-10 08:15:00+00:00,2024-09-10 17:13:40+00:00,0.66674,0.66426,24.3,24.3,5.9.126,DEMO,OOS,0.0,0.1,0.1,DEMO_ACCOUNT,0.1,C:\Users\Leon\Desktop\QUANT\Data_Center\Data\2_Baseline\Trades\Backtest\DEMO_ACCOUNT\OOS\listOfTrades_AUDUSD_6_5.9.126_SELL_M15_OOS.csv,0.1,1.3,13.0,315.90000000000003,0.0,315.90000000000003,1.3,1.3,2007.2
1004,AUDUSD,SELL,2024-09-11 09:15:00+00:00,2024-09-11 17:05:40+00:00,0.66612,0.66334,27.3,27.3,5.9.126,DEMO,OOS,0.0,0.1,0.1,DEMO_ACCOUNT,0.1,C:\Users\Leon\Desktop\QUANT\Data_Center\Data\2_Baseline\Trades\Backtest\DEMO_ACCOUNT\OOS\listOfTrades_AUDUSD_6_5.9.126_SELL_M15_OOS.csv,0.1,1.3,13.0,354.90000000000003,0.0,354.90000000000003,1.3,1.3,2362.1
1006,AUDUSD,SELL,2024-09-12 07:00:00+00:00,2024-09-12 11:01:20+00:00,0.66876,0.66594,27.7,27.7,5.9.126,DEMO,OOS,0.0,0.1,0.1,DEMO_ACCOUNT,0.1,C:\Users\Leon\Desktop\QUANT\Data_Center\Data\2_Baseline\Trades\Backtest\DEMO_ACCOUNT\OOS\listOfTrades_AUDUSD_6_5.9.126_SELL_M15_OOS.csv,0.1,1.3,13.0,360.09999999999997,0.0,360.09999999999997,1.3,1.3,2722.2
1008,AUDUSD,SELL,2024-09-18 02:45:00+00:00,2024-09-18 10:04:40+00:00,0.6762,0.6771,-9.5,-9.5,5.9.126,DEMO,OOS,0.0,0.1,0.1,DEMO_ACCOUNT,0.1,C:\Users\Leon\Desktop\QUANT\Data_Center\Data\2_Baseline\Trades\Backtest\DEMO_ACCOUNT\OOS\listOfTrades_AUDUSD_6_5.9.126_SELL_M15_OOS.csv,0.1,1.3,13.0,-123.5,0.0,-123.5,1.3,1.3,2598.7
1010,AUDUSD,SELL,2024-09-20 06:30:00+00:00,2024-09-20 16:51:20+00:00,0.68205,0.67921,27.9,27.9,5.9.126,DEMO,OOS,0.0,0.1,0.1,DEMO_ACCOUNT,0.1,C:\Users\Leon\Desktop\QUANT\Data_Center\Data\2_Baseline\Trades\Backtest\DEMO_ACCOUNT\OOS\listOfTrades_AUDUSD_6_5.9.126_SELL_M15_OOS.csv,0.1,1.3,13.0,362.7,0.0,362.7,1.3,1.3,2961.3999999999996
1012,AUDUSD,SELL,2024-09-23 04:45:00+00:00,2024-09-23 14:19:40+00:00,0.68199,0.68305,-11.1,-11.1,5.9.126,DEMO,OOS,0.0,0.1,0.1,DEMO_ACCOUNT,0.1,C:\Users\Leon\Desktop\QUANT\Data_Center\Data\2_Baseline\Trades\Backtest\DEMO_ACCOUNT\OOS\listOfTrades_AUDUSD_6_5.9.126_SELL_M15_OOS.csv,0.1,1.3,13.0,-144.29999999999998,0.0,-144.29999999999998,1.3,1.3,2817.0999999999995
1014,AUDUSD,SELL,2024-09-24 04:30:00+00:00,2024-09-24 07:40:40+00:00,0.6847,0.68629,-16.4,-16.4,5.9.126,DEMO,OOS,0.0,0.1,0.1,DEMO_ACCOUNT,0.1,C:\Users\Leon\Desktop\QUANT\Data_Center\Data\2_Baseline\Trades\Backtest\DEMO_ACCOUNT\OOS\listOfTrades_AUDUSD_6_5.9.126_SELL_M15_OOS.csv,0.1,1.3,13.0,-213.2,0.0,-213.2,1.3,1.3,2603.8999999999996
1016,AUDUSD,SELL,2024-09-25 02:15:00+00:00,2024-09-25 08:48:40+00:00,0.6903,0.68794,23.1,23.1,5.9.126,DEMO,OOS,0.0,0.1,0.1,DEMO_ACCOUNT,0.1,C:\Users\Leon\Desktop\QUANT\Data_Center\Data\2_Baseline\Trades\Backtest\DEMO_ACCOUNT\OOS\listOfTrades_AUDUSD_6_5.9.126_SELL_M15_OOS.csv,0.1,1.3,13.0,300.3,0.0,300.3,1.3,1.3,2904.2
1018,AUDUSD,SELL,2024-09-26 03:30:00+00:00,2024-09-26 08:28:40+00:00,0.68307,0.68564,-26.2,-26.2,5.9.126,DEMO,OOS,0.0,0.1,0.1,DEMO_ACCOUNT,0.1,C:\Users\Leon\Desktop\QUANT\Data_Center\Data\2_Baseline\Trades\Backtest\DEMO_ACCOUNT\OOS\listOfTrades_AUDUSD_6_5.9.126_SELL_M15_OOS.csv,0.1,1.3,13.0,-340.59999999999997,0.0,-340.59999999999997,1.3,1.3,2563.6
1020,AUDUSD,SELL,2024-09-27 10:45:00+00:00,2024-09-27 15:30:40+00:00,0.68856,0.69099,-24.8,-24.8,5.9.126,DEMO,OOS,0.0,0.1,0.1,DEMO_ACCOUNT,0.1,C:\Users\Leon\Desktop\QUANT\Data_Center\Data\2_Baseline\Trades\Backtest\DEMO_ACCOUNT\OOS\listOfTrades_AUDUSD_6_5.9.126_SELL_M15_OOS.csv,0.1,1.3,13.0,-322.40000000000003,0.0,-322.40000000000003,1.3,1.3,2241.2
1022,AUDUSD,SELL,2024-09-30 01:30:00+00:00,2024-09-30 23:45:00+00:00,0.69154,0.69136,1.3,1.3,5.9.126,DEMO,OOS,0.0,0.1,0.1,DEMO_ACCOUNT,0.1,C:\Users\Leon\Desktop\QUANT\Data_Center\Data\2_Baseline\Trades\Backtest\DEMO_ACCOUNT\OOS\listOfTrades_AUDUSD_6_5.9.126_SELL_M15_OOS.csv,0.1,1.3,13.0,16.900000000000002,0.0,16.900000000000002,1.3,1.3,2258.1
1024,AUDUSD,SELL,2024-10-01 04:45:00+00:00,2024-10-01 13:36:20+00:00,0.6929,0.68948,33.7,33.7,5.9.126,DEMO,OOS,0.0,0.1,0.1,DEMO_ACCOUNT,0.1,C:\Users\Leon\Desktop\QUANT\Data_Center\Data\2_Baseline\Trades\Backtest\DEMO_ACCOUNT\OOS\listOfTrades_AUDUSD_6_5.9.126_SELL_M15_OOS.csv,0.1,1.3,13.0,438.1,0.0,438.1,1.3,1.3,2696.2
1026,AUDUSD,SELL,2024-10-02 04:30:00+00:00,2024-10-02 23:45:00+00:00,0.68937,0.68861,7.1,7.1,5.9.126,DEMO,OOS,0.0,0.1,0.1,DEMO_ACCOUNT,0.1,C:\Users\Leon\Desktop\QUANT\Data_Center\Data\2_Baseline\Trades\Backtest\DEMO_ACCOUNT\OOS\listOfTrades_AUDUSD_6_5.9.126_SELL_M15_OOS.csv,0.1,1.3,13.0,92.3,0.0,92.3,1.3,1.3,2788.5
1028,AUDUSD,SELL,2024-10-04 03:00:00+00:00,2024-10-04 15:30:40+00:00,0.685,0.68294,20.1,20.1,5.9.126,DEMO,OOS,0.0,0.1,0.1,DEMO_ACCOUNT,0.1,C:\Users\Leon\Desktop\QUANT\Data_Center\Data\2_Baseline\Trades\Backtest\DEMO_ACCOUNT\OOS\listOfTrades_AUDUSD_6_5.9.126_SELL_M15_OOS.csv,0.1,1.3,13.0,261.3,0.0,261.3,1.3,1.3,3049.8
1030,AUDUSD,SELL,2024-10-07 01:30:00+00:00,2024-10-07 17:24:40+00:00,0.68063,0.67723,33.5,33.5,5.9.126,DEMO,OOS,0.0,0.1,0.1,DEMO_ACCOUNT,0.1,C:\Users\Leon\Desktop\QUANT\Data_Center\Data\2_Baseline\Trades\Backtest\DEMO_ACCOUNT\OOS\listOfTrades_AUDUSD_6_5.9.126_SELL_M15_OOS.csv,0.1,1.3,13.0,435.5,0.0,435.5,1.3,1.3,3485.3
1032,AUDUSD,SELL,2024-10-08 03:15:00+00:00,2024-10-08 05:28:40+00:00,0.67629,0.67335,28.9,28.9,5.9.126,DEMO,OOS,0.0,0.1,0.1,DEMO_ACCOUNT,0.1,C:\Users\Leon\Desktop\QUANT\Data_Center\Data\2_Baseline\Trades\Backtest\DEMO_ACCOUNT\OOS\listOfTrades_AUDUSD_6_5.9.126_SELL_M15_OOS.csv,0.1,1.3,13.0,375.7,0.0,375.7,1.3,1.3,3861.0
1034,AUDUSD,SELL,2024-10-09 08:45:00+00:00,2024-10-09 23:45:00+00:00,0.67489,0.67153,33.1,33.1,5.9.126,DEMO,OOS,0.0,0.1,0.1,DEMO_ACCOUNT,0.1,C:\Users\Leon\Desktop\QUANT\Data_Center\Data\2_Baseline\Trades\Backtest\DEMO_ACCOUNT\OOS\listOfTrades_AUDUSD_6_5.9.126_SELL_M15_OOS.csv,0.1,1.3,13.0,430.3,0.0,430.3,1.3,1.3,4291.3
1036,AUDUSD,SELL,2024-10-10 04:15:00+00:00,2024-10-10 23:01:40+00:00,0.67189,0.67401,-21.7,-21.7,5.9.126,DEMO,OOS,0.0,0.1,0.1,DEMO_ACCOUNT,0.1,C:\Users\Leon\Desktop\QUANT\Data_Center\Data\2_Baseline\Trades\Backtest\DEMO_ACCOUNT\OOS\listOfTrades_AUDUSD_6_5.9.126_SELL_M15_OOS.csv,0.1,1.3,13.0,-282.09999999999997,0.0,-282.09999999999997,1.3,1.3,4009.2000000000003
1038,AUDUSD,SELL,2024-10-11 04:15:00+00:00,2024-10-11 18:08:40+00:00,0.67453,0.67525,-7.7,-7.7,5.9.126,DEMO,OOS,0.0,0.1,0.1,DEMO_ACCOUNT,0.1,C:\Users\Leon\Desktop\QUANT\Data_Center\Data\2_Baseline\Trades\Backtest\DEMO_ACCOUNT\OOS\listOfTrades_AUDUSD_6_5.9.126_SELL_M15_OOS.csv,0.1,1.3,13.0,-100.10000000000001,0.0,-100.10000000000001,1.3,1.3,3909.1000000000004
1040,AUDUSD,SELL,2024-10-14 06:30:00+00:00,2024-10-14 16:48:40+00:00,0.67443,0.67298,14.0,14.0,5.9.126,DEMO,OOS,0.0,0.1,0.1,DEMO_ACCOUNT,0.1,C:\Users\Leon\Desktop\QUANT\Data_Center\Data\2_Baseline\Trades\Backtest\DEMO_ACCOUNT\OOS\listOfTrades_AUDUSD_6_5.9.126_SELL_M15_OOS.csv,0.1,1.3,13.0,182.0,0.0,182.0,1.3,1.3,4091.1000000000004
1042,AUDUSD,SELL,2024-10-15 16:15:00+00:00,2024-10-15 23:45:00+00:00,0.6721,0.67025,18.0,18.0,5.9.126,DEMO,OOS,0.0,0.1,0.1,DEMO_ACCOUNT,0.1,C:\Users\Leon\Desktop\QUANT\Data_Center\Data\2_Baseline\Trades\Backtest\DEMO_ACCOUNT\OOS\listOfTrades_AUDUSD_6_5.9.126_SELL_M15_OOS.csv,0.1,1.3,13.0,234.0,0.0,234.0,1.3,1.3,4325.1
1044,AUDUSD,SELL,2024-10-17 03:45:00+00:00,2024-10-17 14:21:40+00:00,0.66913,0.66988,-8.0,-8.0,5.9.126,DEMO,OOS,0.0,0.1,0.1,DEMO_ACCOUNT,0.1,C:\Users\Leon\Desktop\QUANT\Data_Center\Data\2_Baseline\Trades\Backtest\DEMO_ACCOUNT\OOS\listOfTrades_AUDUSD_6_5.9.126_SELL_M15_OOS.csv,0.1,1.3,13.0,-104.0,0.0,-104.0,1.3,1.3,4221.1
1046,AUDUSD,SELL,2024-10-18 03:00:00+00:00,2024-10-18 16:23:40+00:00,0.66992,0.67192,-20.5,-20.5,5.9.126,DEMO,OOS,0.0,0.1,0.1,DEMO_ACCOUNT,0.1,C:\Users\Leon\Desktop\QUANT\Data_Center\Data\2_Baseline\Trades\Backtest\DEMO_ACCOUNT\OOS\listOfTrades_AUDUSD_6_5.9.126_SELL_M15_OOS.csv,0.1,1.3,13.0,-266.5,0.0,-266.5,1.3,1.3,3954.6000000000004
1048,AUDUSD,SELL,2024-10-21 01:15:00+00:00,2024-10-21 09:25:40+00:00,0.67113,0.66884,22.4,22.4,5.9.126,DEMO,OOS,0.0,0.1,0.1,DEMO_ACCOUNT,0.1,C:\Users\Leon\Desktop\QUANT\Data_Center\Data\2_Baseline\Trades\Backtest\DEMO_ACCOUNT\OOS\listOfTrades_AUDUSD_6_5.9.126_SELL_M15_OOS.csv,0.1,1.3,13.0,291.2,0.0,291.2,1.3,1.3,4245.8
1050,AUDUSD,SELL,2024-10-22 04:30:00+00:00,2024-10-22 23:45:00+00:00,0.66624,0.66821,-20.2,-20.2,5.9.126,DEMO,OOS,0.0,0.1,0.1,DEMO_ACCOUNT,0.1,C:\Users\Leon\Desktop\QUANT\Data_Center\Data\2_Baseline\Trades\Backtest\DEMO_ACCOUNT\OOS\listOfTrades_AUDUSD_6_5.9.126_SELL_M15_OOS.csv,0.1,1.3,13.0,-262.59999999999997,0.0,-262.59999999999997,1.3,1.3,3983.2000000000003
1052,AUDUSD,SELL,2024-10-24 04:00:00+00:00,2024-10-24 10:30:40+00:00,0.66409,0.66583,-17.9,-17.9,5.9.126,DEMO,OOS,0.0,0.1,0.1,DEMO_ACCOUNT,0.1,C:\Users\Leon\Desktop\QUANT\Data_Center\Data\2_Baseline\Trades\Backtest\DEMO_ACCOUNT\OOS\listOfTrades_AUDUSD_6_5.9.126_SELL_M15_OOS.csv,0.1,1.3,13.0,-232.7,0.0,-232.7,1.3,1.3,3750.5000000000005
1054,AUDUSD,SELL,2024-10-25 12:15:00+00:00,2024-10-25 20:34:40+00:00,0.66317,0.66058,25.4,25.4,5.9.126,DEMO,OOS,0.0,0.1,0.1,DEMO_ACCOUNT,0.1,C:\Users\Leon\Desktop\QUANT\Data_Center\Data\2_Baseline\Trades\Backtest\DEMO_ACCOUNT\OOS\listOfTrades_AUDUSD_6_5.9.126_SELL_M15_OOS.csv,0.1,1.3,13.0,330.2,0.0,330.2,1.3,1.3,4080.7000000000003
1056,AUDUSD,SELL,2024-10-29 11:45:00+00:00,2024-10-29 17:00:40+00:00,0.65776,0.65707,6.4,6.4,5.9.126,DEMO,OOS,0.0,0.1,0.1,DEMO_ACCOUNT,0.1,C:\Users\Leon\Desktop\QUANT\Data_Center\Data\2_Baseline\Trades\Backtest\DEMO_ACCOUNT\OOS\listOfTrades_AUDUSD_6_5.9.126_SELL_M15_OOS.csv,0.1,1.3,13.0,83.2,0.0,83.2,1.3,1.3,4163.900000000001
1058,AUDUSD,SELL,2024-10-30 04:15:00+00:00,2024-10-30 06:34:40+00:00,0.65654,0.65386,26.3,26.3,5.9.126,DEMO,OOS,0.0,0.1,0.1,DEMO_ACCOUNT,0.1,C:\Users\Leon\Desktop\QUANT\Data_Center\Data\2_Baseline\Trades\Backtest\DEMO_ACCOUNT\OOS\listOfTrades_AUDUSD_6_5.9.126_SELL_M15_OOS.csv,0.1,1.3,13.0,341.90000000000003,0.0,341.90000000000003,1.3,1.3,4505.8
1060,AUDUSD,SELL,2024-11-01 15:45:00+00:00,2024-11-01 23:45:00+00:00,0.65861,0.6558,27.6,27.6,5.9.126,DEMO,OOS,0.0,0.1,0.1,DEMO_ACCOUNT,0.1,C:\Users\Leon\Desktop\QUANT\Data_Center\Data\2_Baseline\Trades\Backtest\DEMO_ACCOUNT\OOS\listOfTrades_AUDUSD_6_5.9.126_SELL_M15_OOS.csv,0.1,1.3,13.0,358.8,0.0,358.8,1.3,1.3,4864.6
1062,AUDUSD,SELL,2024-11-04 00:15:00+00:00,2024-11-04 05:12:40+00:00,0.66021,0.66117,-10.1,-10.1,5.9.126,DEMO,OOS,0.0,0.1,0.1,DEMO_ACCOUNT,0.1,C:\Users\Leon\Desktop\QUANT\Data_Center\Data\2_Baseline\Trades\Backtest\DEMO_ACCOUNT\OOS\listOfTrades_AUDUSD_6_5.9.126_SELL_M15_OOS.csv,0.1,1.3,13.0,-131.29999999999998,0.0,-131.29999999999998,1.3,1.3,4733.3
1064,AUDUSD,SELL,2024-11-05 04:00:00+00:00,2024-11-05 09:06:40+00:00,0.65909,0.66097,-19.3,-19.3,5.9.126,DEMO,OOS,0.0,0.1,0.1,DEMO_ACCOUNT,0.1,C:\Users\Leon\Desktop\QUANT\Data_Center\Data\2_Baseline\Trades\Backtest\DEMO_ACCOUNT\OOS\listOfTrades_AUDUSD_6_5.9.126_SELL_M15_OOS.csv,0.1,1.3,13.0,-250.9,0.0,-250.9,1.3,1.3,4482.400000000001
1066,AUDUSD,SELL,2024-11-06 10:45:00+00:00,2024-11-06 20:14:40+00:00,0.65767,0.65874,-11.2,-11.2,5.9.126,DEMO,OOS,0.0,0.1,0.1,DEMO_ACCOUNT,0.1,C:\Users\Leon\Desktop\QUANT\Data_Center\Data\2_Baseline\Trades\Backtest\DEMO_ACCOUNT\OOS\listOfTrades_AUDUSD_6_5.9.126_SELL_M15_OOS.csv,0.1,1.3,13.0,-145.6,0.0,-145.6,1.3,1.3,4336.8
1068,AUDUSD,SELL,2024-11-07 04:15:00+00:00,2024-11-07 23:45:00+00:00,0.65909,0.66799,-89.5,-89.5,5.9.126,DEMO,OOS,0.0,0.1,0.1,DEMO_ACCOUNT,0.1,C:\Users\Leon\Desktop\QUANT\Data_Center\Data\2_Baseline\Trades\Backtest\DEMO_ACCOUNT\OOS\listOfTrades_AUDUSD_6_5.9.126_SELL_M15_OOS.csv,0.1,1.3,13.0,-1163.5,0.0,-1163.5,1.3,1.3,3173.3
1070,AUDUSD,SELL,2024-11-11 02:30:00+00:00,2024-11-11 23:45:00+00:00,0.65921,0.6574,17.6,17.6,5.9.126,DEMO,OOS,0.0,0.1,0.1,DEMO_ACCOUNT,0.1,C:\Users\Leon\Desktop\QUANT\Data_Center\Data\2_Baseline\Trades\Backtest\DEMO_ACCOUNT\OOS\listOfTrades_AUDUSD_6_5.9.126_SELL_M15_OOS.csv,0.1,1.3,13.0,228.8,0.0,228.8,1.3,1.3,3402.1000000000004
1072,AUDUSD,SELL,2024-11-12 02:00:00+00:00,2024-11-12 04:03:40+00:00,0.65787,0.65584,19.8,19.8,5.9.126,DEMO,OOS,0.0,0.1,0.1,DEMO_ACCOUNT,0.1,C:\Users\Leon\Desktop\QUANT\Data_Center\Data\2_Baseline\Trades\Backtest\DEMO_ACCOUNT\OOS\listOfTrades_AUDUSD_6_5.9.126_SELL_M15_OOS.csv,0.1,1.3,13.0,257.40000000000003,0.0,257.40000000000003,1.3,1.3,3659.5000000000005
1074,AUDUSD,SELL,2024-11-13 15:45:00+00:00,2024-11-13 17:05:40+00:00,0.65359,0.64939,41.5,41.5,5.9.126,DEMO,OOS,0.0,0.1,0.1,DEMO_ACCOUNT,0.1,C:\Users\Leon\Desktop\QUANT\Data_Center\Data\2_Baseline\Trades\Backtest\DEMO_ACCOUNT\OOS\listOfTrades_AUDUSD_6_5.9.126_SELL_M15_OOS.csv,0.1,1.3,13.0,539.5,0.0,539.5,1.3,1.3,4199.0
1076,AUDUSD,SELL,2024-11-14 01:00:00+00:00,2024-11-14 07:12:40+00:00,0.64965,0.6464,32.0,32.0,5.9.126,DEMO,OOS,0.0,0.1,0.1,DEMO_ACCOUNT,0.1,C:\Users\Leon\Desktop\QUANT\Data_Center\Data\2_Baseline\Trades\Backtest\DEMO_ACCOUNT\OOS\listOfTrades_AUDUSD_6_5.9.126_SELL_M15_OOS.csv,0.1,1.3,13.0,416.0,0.0,416.0,1.3,1.3,4615.0
1078,AUDUSD,SELL,2024-11-15 04:15:00+00:00,2024-11-15 23:45:00+00:00,0.64596,0.64594,-0.3,-0.3,5.9.126,DEMO,OOS,0.0,0.1,0.1,DEMO_ACCOUNT,0.1,C:\Users\Leon\Desktop\QUANT\Data_Center\Data\2_Baseline\Trades\Backtest\DEMO_ACCOUNT\OOS\listOfTrades_AUDUSD_6_5.9.126_SELL_M15_OOS.csv,0.1,1.3,13.0,-3.9,0.0,-3.9,1.3,1.3,4611.1
1080,AUDUSD,SELL,2024-11-18 02:30:00+00:00,2024-11-18 17:09:20+00:00,0.6467,0.64773,-10.8,-10.8,5.9.126,DEMO,OOS,0.0,0.1,0.1,DEMO_ACCOUNT,0.1,C:\Users\Leon\Desktop\QUANT\Data_Center\Data\2_Baseline\Trades\Backtest\DEMO_ACCOUNT\OOS\listOfTrades_AUDUSD_6_5.9.126_SELL_M15_OOS.csv,0.1,1.3,13.0,-140.4,0.0,-140.4,1.3,1.3,4470.700000000001
1082,AUDUSD,SELL,2024-11-19 05:15:00+00:00,2024-11-19 11:46:40+00:00,0.65121,0.64842,27.4,27.4,5.9.126,DEMO,OOS,0.0,0.1,0.1,DEMO_ACCOUNT,0.1,C:\Users\Leon\Desktop\QUANT\Data_Center\Data\2_Baseline\Trades\Backtest\DEMO_ACCOUNT\OOS\listOfTrades_AUDUSD_6_5.9.126_SELL_M15_OOS.csv,0.1,1.3,13.0,356.2,0.0,356.2,1.3,1.3,4826.900000000001
1084,AUDUSD,SELL,2024-11-20 02:00:00+00:00,2024-11-20 11:00:40+00:00,0.6541,0.65141,26.4,26.4,5.9.126,DEMO,OOS,0.0,0.1,0.1,DEMO_ACCOUNT,0.1,C:\Users\Leon\Desktop\QUANT\Data_Center\Data\2_Baseline\Trades\Backtest\DEMO_ACCOUNT\OOS\listOfTrades_AUDUSD_6_5.9.126_SELL_M15_OOS.csv,0.1,1.3,13.0,343.2,0.0,343.2,1.3,1.3,5170.1
1086,AUDUSD,SELL,2024-11-26 14:30:00+00:00,2024-11-26 18:11:40+00:00,0.65032,0.64579,44.8,44.8,5.9.126,DEMO,OOS,0.0,0.1,0.1,DEMO_ACCOUNT,0.1,C:\Users\Leon\Desktop\QUANT\Data_Center\Data\2_Baseline\Trades\Backtest\DEMO_ACCOUNT\OOS\listOfTrades_AUDUSD_6_5.9.126_SELL_M15_OOS.csv,0.1,1.3,13.0,582.4,0.0,582.4,1.3,1.3,5752.5
1088,AUDUSD,SELL,2024-11-27 09:45:00+00:00,2024-11-27 23:45:00+00:00,0.6488,0.64974,-9.9,-9.9,5.9.126,DEMO,OOS,0.0,0.1,0.1,DEMO_ACCOUNT,0.1,C:\Users\Leon\Desktop\QUANT\Data_Center\Data\2_Baseline\Trades\Backtest\DEMO_ACCOUNT\OOS\listOfTrades_AUDUSD_6_5.9.126_SELL_M15_OOS.csv,0.1,1.3,13.0,-128.70000000000002,0.0,-128.70000000000002,1.3,1.3,5623.8
1090,AUDUSD,SELL,2024-11-28 01:15:00+00:00,2024-11-28 23:45:00+00:00,0.65002,0.6501,-1.3,-1.3,5.9.126,DEMO,OOS,0.0,0.1,0.1,DEMO_ACCOUNT,0.1,C:\Users\Leon\Desktop\QUANT\Data_Center\Data\2_Baseline\Trades\Backtest\DEMO_ACCOUNT\OOS\listOfTrades_AUDUSD_6_5.9.126_SELL_M15_OOS.csv,0.1,1.3,13.0,-16.900000000000002,0.0,-16.900000000000002,1.3,1.3,5606.900000000001
1092,AUDUSD,SELL,2024-11-29 01:45:00+00:00,2024-11-29 19:59:40+00:00,0.6505,0.6522,-17.5,-17.5,5.9.126,DEMO,OOS,0.0,0.1,0.1,DEMO_ACCOUNT,0.1,C:\Users\Leon\Desktop\QUANT\Data_Center\Data\2_Baseline\Trades\Backtest\DEMO_ACCOUNT\OOS\listOfTrades_AUDUSD_6_5.9.126_SELL_M15_OOS.csv,0.1,1.3,13.0,-227.5,0.0,-227.5,1.3,1.3,5379.400000000001
1094,AUDUSD,SELL,2024-12-03 03:15:00+00:00,2024-12-03 09:24:40+00:00,0.64807,0.64818,-1.6,-1.6,5.9.126,DEMO,OOS,0.0,0.1,0.1,DEMO_ACCOUNT,0.1,C:\Users\Leon\Desktop\QUANT\Data_Center\Data\2_Baseline\Trades\Backtest\DEMO_ACCOUNT\OOS\listOfTrades_AUDUSD_6_5.9.126_SELL_M15_OOS.csv,0.1,1.3,13.0,-20.8,0.0,-20.8,1.3,1.3,5358.6
1096,AUDUSD,SELL,2024-12-04 17:15:00+00:00,2024-12-04 23:45:00+00:00,0.64267,0.6433,-6.8,-6.8,5.9.126,DEMO,OOS,0.0,0.1,0.1,DEMO_ACCOUNT,0.1,C:\Users\Leon\Desktop\QUANT\Data_Center\Data\2_Baseline\Trades\Backtest\DEMO_ACCOUNT\OOS\listOfTrades_AUDUSD_6_5.9.126_SELL_M15_OOS.csv,0.1,1.3,13.0,-88.39999999999999,0.0,-88.39999999999999,1.3,1.3,5270.200000000001
1098,AUDUSD,SELL,2024-12-05 09:15:00+00:00,2024-12-05 21:36:40+00:00,0.64432,0.645,-7.3,-7.3,5.9.126,DEMO,OOS,0.0,0.1,0.1,DEMO_ACCOUNT,0.1,C:\Users\Leon\Desktop\QUANT\Data_Center\Data\2_Baseline\Trades\Backtest\DEMO_ACCOUNT\OOS\listOfTrades_AUDUSD_6_5.9.126_SELL_M15_OOS.csv,0.1,1.3,13.0,-94.89999999999999,0.0,-94.89999999999999,1.3,1.3,5175.300000000001
1100,AUDUSD,SELL,2024-12-06 15:45:00+00:00,2024-12-06 17:12:40+00:00,0.64379,0.6397,40.4,40.4,5.9.126,DEMO,OOS,0.0,0.1,0.1,DEMO_ACCOUNT,0.1,C:\Users\Leon\Desktop\QUANT\Data_Center\Data\2_Baseline\Trades\Backtest\DEMO_ACCOUNT\OOS\listOfTrades_AUDUSD_6_5.9.126_SELL_M15_OOS.csv,0.1,1.3,13.0,525.1999999999999,0.0,525.1999999999999,1.3,1.3,5700.500000000001
1102,AUDUSD,SELL,2024-12-09 01:15:00+00:00,2024-12-09 09:31:40+00:00,0.64007,0.6407,-6.8,-6.8,5.9.126,DEMO,OOS,0.0,0.1,0.1,DEMO_ACCOUNT,0.1,C:\Users\Leon\Desktop\QUANT\Data_Center\Data\2_Baseline\Trades\Backtest\DEMO_ACCOUNT\OOS\listOfTrades_AUDUSD_6_5.9.126_SELL_M15_OOS.csv,0.1,1.3,13.0,-88.39999999999999,0.0,-88.39999999999999,1.3,1.3,5612.100000000001
1104,AUDUSD,SELL,2024-12-11 04:30:00+00:00,2024-12-11 09:09:40+00:00,0.63835,0.63565,26.5,26.5,5.9.126,DEMO,OOS,0.0,0.1,0.1,DEMO_ACCOUNT,0.1,C:\Users\Leon\Desktop\QUANT\Data_Center\Data\2_Baseline\Trades\Backtest\DEMO_ACCOUNT\OOS\listOfTrades_AUDUSD_6_5.9.126_SELL_M15_OOS.csv,0.1,1.3,13.0,344.5,0.0,344.5,1.3,1.3,5956.600000000001
1106,AUDUSD,SELL,2024-12-12 01:45:00+00:00,2024-12-12 02:30:40+00:00,0.63802,0.64056,-25.9,-25.9,5.9.126,DEMO,OOS,0.0,0.1,0.1,DEMO_ACCOUNT,0.1,C:\Users\Leon\Desktop\QUANT\Data_Center\Data\2_Baseline\Trades\Backtest\DEMO_ACCOUNT\OOS\listOfTrades_AUDUSD_6_5.9.126_SELL_M15_OOS.csv,0.1,1.3,13.0,-336.7,0.0,-336.7,1.3,1.3,5619.9000000000015
1108,AUDUSD,SELL,2024-12-13 10:00:00+00:00,2024-12-13 23:45:00+00:00,0.63688,0.63595,8.8,8.8,5.9.126,DEMO,OOS,0.0,0.1,0.1,DEMO_ACCOUNT,0.1,C:\Users\Leon\Desktop\QUANT\Data_Center\Data\2_Baseline\Trades\Backtest\DEMO_ACCOUNT\OOS\listOfTrades_AUDUSD_6_5.9.126_SELL_M15_OOS.csv,0.1,1.3,13.0,114.4,0.0,114.4,1.3,1.3,5734.300000000001
1110,AUDUSD,SELL,2024-12-16 01:15:00+00:00,2024-12-16 19:08:40+00:00,0.63674,0.63749,-8.0,-8.0,5.9.126,DEMO,OOS,0.0,0.1,0.1,DEMO_ACCOUNT,0.1,C:\Users\Leon\Desktop\QUANT\Data_Center\Data\2_Baseline\Trades\Backtest\DEMO_ACCOUNT\OOS\listOfTrades_AUDUSD_6_5.9.126_SELL_M15_OOS.csv,0.1,1.3,13.0,-104.0,0.0,-104.0,1.3,1.3,5630.300000000001
1112,AUDUSD,SELL,2024-12-19 09:15:00+00:00,2024-12-19 23:45:00+00:00,0.62355,0.62384,-3.4,-3.4,5.9.126,DEMO,OOS,0.0,0.1,0.1,DEMO_ACCOUNT,0.1,C:\Users\Leon\Desktop\QUANT\Data_Center\Data\2_Baseline\Trades\Backtest\DEMO_ACCOUNT\OOS\listOfTrades_AUDUSD_6_5.9.126_SELL_M15_OOS.csv,0.1,1.3,13.0,-44.199999999999996,0.0,-44.199999999999996,1.3,1.3,5586.100000000001
1114,AUDUSD,SELL,2024-12-20 08:30:00+00:00,2024-12-20 17:12:40+00:00,0.62335,0.6251,-18.0,-18.0,5.9.126,DEMO,OOS,0.0,0.1,0.1,DEMO_ACCOUNT,0.1,C:\Users\Leon\Desktop\QUANT\Data_Center\Data\2_Baseline\Trades\Backtest\DEMO_ACCOUNT\OOS\listOfTrades_AUDUSD_6_5.9.126_SELL_M15_OOS.csv,0.1,1.3,13.0,-234.0,0.0,-234.0,1.3,1.3,5352.100000000001
1116,AUDUSD,SELL,2024-12-23 11:30:00+00:00,2024-12-23 14:17:40+00:00,0.62637,0.6236,27.2,27.2,5.9.126,DEMO,OOS,0.0,0.1,0.1,DEMO_ACCOUNT,0.1,C:\Users\Leon\Desktop\QUANT\Data_Center\Data\2_Baseline\Trades\Backtest\DEMO_ACCOUNT\OOS\listOfTrades_AUDUSD_6_5.9.126_SELL_M15_OOS.csv,0.1,1.3,13.0,353.59999999999997,0.0,353.59999999999997,1.3,1.3,5705.700000000002
1118,AUDUSD,SELL,2024-12-24 08:45:00+00:00,2024-12-24 23:47:00+00:00,0.62454,0.62431,1.8,1.8,5.9.126,DEMO,OOS,0.0,0.1,0.1,DEMO_ACCOUNT,0.1,C:\Users\Leon\Desktop\QUANT\Data_Center\Data\2_Baseline\Trades\Backtest\DEMO_ACCOUNT\OOS\listOfTrades_AUDUSD_6_5.9.126_SELL_M15_OOS.csv,0.1,1.3,13.0,23.400000000000002,0.0,23.400000000000002,1.3,1.3,5729.100000000001
1120,AUDUSD,SELL,2024-12-26 04:45:00+00:00,2024-12-26 11:55:40+00:00,0.6249,0.62234,25.1,25.1,5.9.126,DEMO,OOS,0.0,0.1,0.1,DEMO_ACCOUNT,0.1,C:\Users\Leon\Desktop\QUANT\Data_Center\Data\2_Baseline\Trades\Backtest\DEMO_ACCOUNT\OOS\listOfTrades_AUDUSD_6_5.9.126_SELL_M15_OOS.csv,0.1,1.3,13.0,326.3,0.0,326.3,1.3,1.3,6055.4000000000015
1122,AUDUSD,SELL,2024-12-27 10:15:00+00:00,2024-12-27 17:17:40+00:00,0.62254,0.62017,23.2,23.2,5.9.126,DEMO,OOS,0.0,0.1,0.1,DEMO_ACCOUNT,0.1,C:\Users\Leon\Desktop\QUANT\Data_Center\Data\2_Baseline\Trades\Backtest\DEMO_ACCOUNT\OOS\listOfTrades_AUDUSD_6_5.9.126_SELL_M15_OOS.csv,0.1,1.3,13.0,301.59999999999997,0.0,301.59999999999997,1.3,1.3,6357.000000000002
1124,AUDUSD,SELL,2024-12-30 01:00:00+00:00,2024-12-30 07:06:40+00:00,0.62253,0.62433,-18.5,-18.5,5.9.126,DEMO,OOS,0.0,0.1,0.1,DEMO_ACCOUNT,0.1,C:\Users\Leon\Desktop\QUANT\Data_Center\Data\2_Baseline\Trades\Backtest\DEMO_ACCOUNT\OOS\listOfTrades_AUDUSD_6_5.9.126_SELL_M15_OOS.csv,0.1,1.3,13.0,-240.5,0.0,-240.5,1.3,1.3,6116.500000000002
1126,AUDUSD,SELL,2024-12-31 03:45:00+00:00,2024-12-31 14:55:40+00:00,0.62283,0.6201,26.8,26.8,5.9.126,DEMO,OOS,0.0,0.1,0.1,DEMO_ACCOUNT,0.1,C:\Users\Leon\Desktop\QUANT\Data_Center\Data\2_Baseline\Trades\Backtest\DEMO_ACCOUNT\OOS\listOfTrades_AUDUSD_6_5.9.126_SELL_M15_OOS.csv,0.1,1.3,13.0,348.40000000000003,0.0,348.40000000000003,1.3,1.3,6464.9000000000015
1128,AUDUSD,SELL,2025-01-02 03:00:00+00:00,2025-01-02 23:45:00+00:00,0.62002,0.62045,-4.8,-4.8,5.9.126,DEMO,OOS,0.0,0.1,0.1,DEMO_ACCOUNT,0.1,C:\Users\Leon\Desktop\QUANT\Data_Center\Data\2_Baseline\Trades\Backtest\DEMO_ACCOUNT\OOS\listOfTrades_AUDUSD_6_5.9.126_SELL_M15_OOS.csv,0.1,1.3,13.0,-62.4,0.0,-62.4,1.3,1.3,6402.500000000002
1130,AUDUSD,SELL,2025-01-03 02:30:00+00:00,2025-01-03 23:45:00+00:00,0.62082,0.62163,-8.6,-8.6,5.9.126,DEMO,OOS,0.0,0.1,0.1,DEMO_ACCOUNT,0.1,C:\Users\Leon\Desktop\QUANT\Data_Center\Data\2_Baseline\Trades\Backtest\DEMO_ACCOUNT\OOS\listOfTrades_AUDUSD_6_5.9.126_SELL_M15_OOS.csv,0.1,1.3,13.0,-111.8,0.0,-111.8,1.3,1.3,6290.700000000002
1132,AUDUSD,SELL,2025-01-06 03:00:00+00:00,2025-01-06 10:48:40+00:00,0.62312,0.62442,-13.5,-13.5,5.9.126,DEMO,OOS,0.0,0.1,0.1,DEMO_ACCOUNT,0.1,C:\Users\Leon\Desktop\QUANT\Data_Center\Data\2_Baseline\Trades\Backtest\DEMO_ACCOUNT\OOS\listOfTrades_AUDUSD_6_5.9.126_SELL_M15_OOS.csv,0.1,1.3,13.0,-175.5,0.0,-175.5,1.3,1.3,6115.200000000002
1134,AUDUSD,SELL,2025-01-07 03:00:00+00:00,2025-01-07 07:44:40+00:00,0.625,0.62688,-19.3,-19.3,5.9.126,DEMO,OOS,0.0,0.1,0.1,DEMO_ACCOUNT,0.1,C:\Users\Leon\Desktop\QUANT\Data_Center\Data\2_Baseline\Trades\Backtest\DEMO_ACCOUNT\OOS\listOfTrades_AUDUSD_6_5.9.126_SELL_M15_OOS.csv,0.1,1.3,13.0,-250.9,0.0,-250.9,1.3,1.3,5864.300000000002
1136,AUDUSD,SELL,2025-01-08 21:30:00+00:00,2025-01-08 23:45:00+00:00,0.62183,0.62164,1.4,1.4,5.9.126,DEMO,OOS,0.0,0.1,0.1,DEMO_ACCOUNT,0.1,C:\Users\Leon\Desktop\QUANT\Data_Center\Data\2_Baseline\Trades\Backtest\DEMO_ACCOUNT\OOS\listOfTrades_AUDUSD_6_5.9.126_SELL_M15_OOS.csv,0.1,1.3,13.0,18.2,0.0,18.2,1.3,1.3,5882.500000000002
1138,AUDUSD,SELL,2025-01-10 03:30:00+00:00,2025-01-10 11:04:40+00:00,0.62047,0.61823,21.9,21.9,5.9.126,DEMO,OOS,0.0,0.1,0.1,DEMO_ACCOUNT,0.1,C:\Users\Leon\Desktop\QUANT\Data_Center\Data\2_Baseline\Trades\Backtest\DEMO_ACCOUNT\OOS\listOfTrades_AUDUSD_6_5.9.126_SELL_M15_OOS.csv,0.1,1.3,13.0,284.7,0.0,284.7,1.3,1.3,6167.200000000002
1140,AUDUSD,SELL,2025-01-13 03:30:00+00:00,2025-01-13 10:15:20+00:00,0.61601,0.61566,3.0,3.0,5.9.126,DEMO,OOS,0.0,0.1,0.1,DEMO_ACCOUNT,0.1,C:\Users\Leon\Desktop\QUANT\Data_Center\Data\2_Baseline\Trades\Backtest\DEMO_ACCOUNT\OOS\listOfTrades_AUDUSD_6_5.9.126_SELL_M15_OOS.csv,0.1,1.3,13.0,39.0,0.0,39.0,1.3,1.3,6206.200000000002
1142,AUDUSD,SELL,2025-01-14 09:45:00+00:00,2025-01-14 15:30:40+00:00,0.61956,0.61929,2.2,2.2,5.9.126,DEMO,OOS,0.0,0.1,0.1,DEMO_ACCOUNT,0.1,C:\Users\Leon\Desktop\QUANT\Data_Center\Data\2_Baseline\Trades\Backtest\DEMO_ACCOUNT\OOS\listOfTrades_AUDUSD_6_5.9.126_SELL_M15_OOS.csv,0.1,1.3,13.0,28.6,0.0,28.6,1.3,1.3,6234.800000000002
1144,AUDUSD,SELL,2025-01-15 09:45:00+00:00,2025-01-15 15:30:40+00:00,0.61988,0.62204,-22.1,-22.1,5.9.126,DEMO,OOS,0.0,0.1,0.1,DEMO_ACCOUNT,0.1,C:\Users\Leon\Desktop\QUANT\Data_Center\Data\2_Baseline\Trades\Backtest\DEMO_ACCOUNT\OOS\listOfTrades_AUDUSD_6_5.9.126_SELL_M15_OOS.csv,0.1,1.3,13.0,-287.3,0.0,-287.3,1.3,1.3,5947.500000000002
1146,AUDUSD,SELL,2025-01-16 01:30:00+00:00,2025-01-16 06:37:40+00:00,0.62331,0.62066,26.0,26.0,5.9.126,DEMO,OOS,0.0,0.1,0.1,DEMO_ACCOUNT,0.1,C:\Users\Leon\Desktop\QUANT\Data_Center\Data\2_Baseline\Trades\Backtest\DEMO_ACCOUNT\OOS\listOfTrades_AUDUSD_6_5.9.126_SELL_M15_OOS.csv,0.1,1.3,13.0,338.0,0.0,338.0,1.3,1.3,6285.500000000002
1148,AUDUSD,SELL,2025-01-17 04:15:00+00:00,2025-01-17 14:31:20+00:00,0.62143,0.61901,23.7,23.7,5.9.126,DEMO,OOS,0.0,0.1,0.1,DEMO_ACCOUNT,0.1,C:\Users\Leon\Desktop\QUANT\Data_Center\Data\2_Baseline\Trades\Backtest\DEMO_ACCOUNT\OOS\listOfTrades_AUDUSD_6_5.9.126_SELL_M15_OOS.csv,0.1,1.3,13.0,308.09999999999997,0.0,308.09999999999997,1.3,1.3,6593.600000000002
1150,AUDUSD,SELL,2025-01-27 12:30:00+00:00,2025-01-27 23:45:00+00:00,0.63002,0.62942,5.5,5.5,5.9.126,DEMO,OOS,0.0,0.1,0.1,DEMO_ACCOUNT,0.1,C:\Users\Leon\Desktop\QUANT\Data_Center\Data\2_Baseline\Trades\Backtest\DEMO_ACCOUNT\OOS\listOfTrades_AUDUSD_6_5.9.126_SELL_M15_OOS.csv,0.1,1.3,13.0,71.5,0.0,71.5,1.3,1.3,6665.100000000002
1152,AUDUSD,SELL,2025-01-29 08:45:00+00:00,2025-01-29 14:16:40+00:00,0.62478,0.62219,25.4,25.4,5.9.126,DEMO,OOS,0.0,0.1,0.1,DEMO_ACCOUNT,0.1,C:\Users\Leon\Desktop\QUANT\Data_Center\Data\2_Baseline\Trades\Backtest\DEMO_ACCOUNT\OOS\listOfTrades_AUDUSD_6_5.9.126_SELL_M15_OOS.csv,0.1,1.3,13.0,330.2,0.0,330.2,1.3,1.3,6995.300000000002
1154,AUDUSD,SELL,2025-01-30 02:15:00+00:00,2025-01-30 22:39:40+00:00,0.62417,0.62094,31.8,31.8,5.9.126,DEMO,OOS,0.0,0.1,0.1,DEMO_ACCOUNT,0.1,C:\Users\Leon\Desktop\QUANT\Data_Center\Data\2_Baseline\Trades\Backtest\DEMO_ACCOUNT\OOS\listOfTrades_AUDUSD_6_5.9.126_SELL_M15_OOS.csv,0.1,1.3,13.0,413.40000000000003,0.0,413.40000000000003,1.3,1.3,7408.700000000002
1156,AUDUSD,SELL,2025-01-31 04:45:00+00:00,2025-01-31 17:38:40+00:00,0.62193,0.62347,-15.9,-15.9,5.9.126,DEMO,OOS,0.0,0.1,0.1,DEMO_ACCOUNT,0.1,C:\Users\Leon\Desktop\QUANT\Data_Center\Data\2_Baseline\Trades\Backtest\DEMO_ACCOUNT\OOS\listOfTrades_AUDUSD_6_5.9.126_SELL_M15_OOS.csv,0.1,1.3,13.0,-206.70000000000002,0.0,-206.70000000000002,1.3,1.3,7202.000000000002
1158,AUDUSD,SELL,2025-02-03 14:30:00+00:00,2025-02-03 17:24:40+00:00,0.61554,0.61802,-25.3,-25.3,5.9.126,DEMO,OOS,0.0,0.1,0.1,DEMO_ACCOUNT,0.1,C:\Users\Leon\Desktop\QUANT\Data_Center\Data\2_Baseline\Trades\Backtest\DEMO_ACCOUNT\OOS\listOfTrades_AUDUSD_6_5.9.126_SELL_M15_OOS.csv,0.1,1.3,13.0,-328.90000000000003,0.0,-328.90000000000003,1.3,1.3,6873.100000000002
1160,AUDUSD,SELL,2025-02-04 16:15:00+00:00,2025-02-04 23:45:00+00:00,0.62198,0.62566,-37.3,-37.3,5.9.126,DEMO,OOS,0.0,0.1,0.1,DEMO_ACCOUNT,0.1,C:\Users\Leon\Desktop\QUANT\Data_Center\Data\2_Baseline\Trades\Backtest\DEMO_ACCOUNT\OOS\listOfTrades_AUDUSD_6_5.9.126_SELL_M15_OOS.csv,0.1,1.3,13.0,-484.9,0.0,-484.9,1.3,1.3,6388.200000000003
1162,AUDUSD,SELL,2025-02-17 07:30:00+00:00,2025-02-17 23:45:00+00:00,0.63735,0.63569,16.1,16.1,5.9.126,DEMO,OOS,0.0,0.1,0.1,DEMO_ACCOUNT,0.1,C:\Users\Leon\Desktop\QUANT\Data_Center\Data\2_Baseline\Trades\Backtest\DEMO_ACCOUNT\OOS\listOfTrades_AUDUSD_6_5.9.126_SELL_M15_OOS.csv,0.1,1.3,13.0,209.3,0.0,209.3,1.3,1.3,6597.500000000003
1164,AUDUSD,SELL,2025-02-18 09:15:00+00:00,2025-02-18 23:45:00+00:00,0.63639,0.63524,11.0,11.0,5.9.126,DEMO,OOS,0.0,0.1,0.1,DEMO_ACCOUNT,0.1,C:\Users\Leon\Desktop\QUANT\Data_Center\Data\2_Baseline\Trades\Backtest\DEMO_ACCOUNT\OOS\listOfTrades_AUDUSD_6_5.9.126_SELL_M15_OOS.csv,0.1,1.3,13.0,143.0,0.0,143.0,1.3,1.3,6740.500000000003
1166,AUDUSD,SELL,2025-02-19 00:45:00+00:00,2025-02-19 05:49:40+00:00,0.63538,0.63653,-12.0,-12.0,5.9.126,DEMO,OOS,0.0,0.1,0.1,DEMO_ACCOUNT,0.1,C:\Users\Leon\Desktop\QUANT\Data_Center\Data\2_Baseline\Trades\Backtest\DEMO_ACCOUNT\OOS\listOfTrades_AUDUSD_6_5.9.126_SELL_M15_OOS.csv,0.1,1.3,13.0,-156.0,0.0,-156.0,1.3,1.3,6584.500000000003
1168,AUDUSD,SELL,2025-02-20 05:45:00+00:00,2025-02-20 23:45:00+00:00,0.63566,0.64028,-46.7,-46.7,5.9.126,DEMO,OOS,0.0,0.1,0.1,DEMO_ACCOUNT,0.1,C:\Users\Leon\Desktop\QUANT\Data_Center\Data\2_Baseline\Trades\Backtest\DEMO_ACCOUNT\OOS\listOfTrades_AUDUSD_6_5.9.126_SELL_M15_OOS.csv,0.1,1.3,13.0,-607.1,0.0,-607.1,1.3,1.3,5977.400000000002
1170,AUDUSD,SELL,2025-02-21 01:15:00+00:00,2025-02-21 15:18:40+00:00,0.64071,0.63807,25.9,25.9,5.9.126,DEMO,OOS,0.0,0.1,0.1,DEMO_ACCOUNT,0.1,C:\Users\Leon\Desktop\QUANT\Data_Center\Data\2_Baseline\Trades\Backtest\DEMO_ACCOUNT\OOS\listOfTrades_AUDUSD_6_5.9.126_SELL_M15_OOS.csv,0.1,1.3,13.0,336.7,0.0,336.7,1.3,1.3,6314.100000000002
1172,AUDUSD,SELL,2025-02-24 01:45:00+00:00,2025-02-24 04:38:40+00:00,0.63736,0.63869,-13.8,-13.8,5.9.126,DEMO,OOS,0.0,0.1,0.1,DEMO_ACCOUNT,0.1,C:\Users\Leon\Desktop\QUANT\Data_Center\Data\2_Baseline\Trades\Backtest\DEMO_ACCOUNT\OOS\listOfTrades_AUDUSD_6_5.9.126_SELL_M15_OOS.csv,0.1,1.3,13.0,-179.4,0.0,-179.4,1.3,1.3,6134.700000000003
1174,AUDUSD,SELL,2025-02-26 19:30:00+00:00,2025-02-26 23:45:00+00:00,0.633,0.6302,27.5,27.5,5.9.126,DEMO,OOS,0.0,0.1,0.1,DEMO_ACCOUNT,0.1,C:\Users\Leon\Desktop\QUANT\Data_Center\Data\2_Baseline\Trades\Backtest\DEMO_ACCOUNT\OOS\listOfTrades_AUDUSD_6_5.9.126_SELL_M15_OOS.csv,0.1,1.3,13.0,357.5,0.0,357.5,1.3,1.3,6492.200000000003
1176,AUDUSD,SELL,2025-02-28 10:30:00+00:00,2025-02-28 23:45:00+00:00,0.62159,0.6209,6.4,6.4,5.9.126,DEMO,OOS,0.0,0.1,0.1,DEMO_ACCOUNT,0.1,C:\Users\Leon\Desktop\QUANT\Data_Center\Data\2_Baseline\Trades\Backtest\DEMO_ACCOUNT\OOS\listOfTrades_AUDUSD_6_5.9.126_SELL_M15_OOS.csv,0.1,1.3,13.0,83.2,0.0,83.2,1.3,1.3,6575.400000000002
1178,AUDUSD,SELL,2025-03-03 01:30:00+00:00,2025-03-03 16:02:40+00:00,0.62197,0.62346,-15.4,-15.4,5.9.126,DEMO,OOS,0.0,0.1,0.1,DEMO_ACCOUNT,0.1,C:\Users\Leon\Desktop\QUANT\Data_Center\Data\2_Baseline\Trades\Backtest\DEMO_ACCOUNT\OOS\listOfTrades_AUDUSD_6_5.9.126_SELL_M15_OOS.csv,0.1,1.3,13.0,-200.20000000000002,0.0,-200.20000000000002,1.3,1.3,6375.200000000003
1180,AUDUSD,SELL,2025-03-04 11:15:00+00:00,2025-03-04 20:13:40+00:00,0.62182,0.62282,-10.5,-10.5,5.9.126,DEMO,OOS,0.0,0.1,0.1,DEMO_ACCOUNT,0.1,C:\Users\Leon\Desktop\QUANT\Data_Center\Data\2_Baseline\Trades\Backtest\DEMO_ACCOUNT\OOS\listOfTrades_AUDUSD_6_5.9.126_SELL_M15_OOS.csv,0.1,1.3,13.0,-136.5,0.0,-136.5,1.3,1.3,6238.700000000003
1182,AUDUSD,SELL,2025-03-05 09:15:00+00:00,2025-03-05 23:45:00+00:00,0.62669,0.63381,-71.7,-71.7,5.9.126,DEMO,OOS,0.0,0.1,0.1,DEMO_ACCOUNT,0.1,C:\Users\Leon\Desktop\QUANT\Data_Center\Data\2_Baseline\Trades\Backtest\DEMO_ACCOUNT\OOS\listOfTrades_AUDUSD_6_5.9.126_SELL_M15_OOS.csv,0.1,1.3,13.0,-932.1,0.0,-932.1,1.3,1.3,5306.600000000002
1184,AUDUSD,SELL,2025-03-06 03:45:00+00:00,2025-03-06 17:07:40+00:00,0.63474,0.63531,-6.2,-6.2,5.9.126,DEMO,OOS,0.0,0.1,0.1,DEMO_ACCOUNT,0.1,C:\Users\Leon\Desktop\QUANT\Data_Center\Data\2_Baseline\Trades\Backtest\DEMO_ACCOUNT\OOS\listOfTrades_AUDUSD_6_5.9.126_SELL_M15_OOS.csv,0.1,1.3,13.0,-80.60000000000001,0.0,-80.60000000000001,1.3,1.3,5226.000000000002
1186,AUDUSD,SELL,2025-03-07 10:45:00+00:00,2025-03-07 15:30:20+00:00,0.63189,0.62875,30.9,30.9,5.9.126,DEMO,OOS,0.0,0.1,0.1,DEMO_ACCOUNT,0.1,C:\Users\Leon\Desktop\QUANT\Data_Center\Data\2_Baseline\Trades\Backtest\DEMO_ACCOUNT\OOS\listOfTrades_AUDUSD_6_5.9.126_SELL_M15_OOS.csv,0.1,1.3,13.0,401.7,0.0,401.7,1.3,1.3,5627.700000000002
1188,AUDUSD,SELL,2025-03-10 04:15:00+00:00,2025-03-10 21:03:40+00:00,0.63174,0.62808,36.1,36.1,5.9.126,DEMO,OOS,0.0,0.1,0.1,DEMO_ACCOUNT,0.1,C:\Users\Leon\Desktop\QUANT\Data_Center\Data\2_Baseline\Trades\Backtest\DEMO_ACCOUNT\OOS\listOfTrades_AUDUSD_6_5.9.126_SELL_M15_OOS.csv,0.1,1.3,13.0,469.3,0.0,469.3,1.3,1.3,6097.000000000002
1190,AUDUSD,SELL,2025-03-11 03:30:00+00:00,2025-03-11 11:29:20+00:00,0.62847,0.62907,-6.5,-6.5,5.9.126,DEMO,OOS,0.0,0.1,0.1,DEMO_ACCOUNT,0.1,C:\Users\Leon\Desktop\QUANT\Data_Center\Data\2_Baseline\Trades\Backtest\DEMO_ACCOUNT\OOS\listOfTrades_AUDUSD_6_5.9.126_SELL_M15_OOS.csv,0.1,1.3,13.0,-84.5,0.0,-84.5,1.3,1.3,6012.500000000002
1192,AUDUSD,SELL,2025-03-18 10:45:00+00:00,2025-03-18 16:40:40+00:00,0.63852,0.63608,23.9,23.9,5.9.126,DEMO,OOS,0.0,0.1,0.1,DEMO_ACCOUNT,0.1,C:\Users\Leon\Desktop\QUANT\Data_Center\Data\2_Baseline\Trades\Backtest\DEMO_ACCOUNT\OOS\listOfTrades_AUDUSD_6_5.9.126_SELL_M15_OOS.csv,0.1,1.3,13.0,310.7,0.0,310.7,1.3,1.3,6323.200000000002
1194,AUDUSD,SELL,2025-03-19 05:45:00+00:00,2025-03-19 10:00:40+00:00,0.63649,0.63455,18.9,18.9,5.9.126,DEMO,OOS,0.0,0.1,0.1,DEMO_ACCOUNT,0.1,C:\Users\Leon\Desktop\QUANT\Data_Center\Data\2_Baseline\Trades\Backtest\DEMO_ACCOUNT\OOS\listOfTrades_AUDUSD_6_5.9.126_SELL_M15_OOS.csv,0.1,1.3,13.0,245.7,0.0,245.7,1.3,1.3,6568.9000000000015
1196,AUDUSD,SELL,2025-03-24 01:15:00+00:00,2025-03-24 11:02:40+00:00,0.62827,0.62952,-13.0,-13.0,5.9.126,DEMO,OOS,0.0,0.1,0.1,DEMO_ACCOUNT,0.1,C:\Users\Leon\Desktop\QUANT\Data_Center\Data\2_Baseline\Trades\Backtest\DEMO_ACCOUNT\OOS\listOfTrades_AUDUSD_6_5.9.126_SELL_M15_OOS.csv,0.1,1.3,13.0,-169.0,0.0,-169.0,1.3,1.3,6399.9000000000015
1198,AUDUSD,SELL,2025-03-25 04:15:00+00:00,2025-03-25 13:13:40+00:00,0.62917,0.63006,-9.4,-9.4,5.9.126,DEMO,OOS,0.0,0.1,0.1,DEMO_ACCOUNT,0.1,C:\Users\Leon\Desktop\QUANT\Data_Center\Data\2_Baseline\Trades\Backtest\DEMO_ACCOUNT\OOS\listOfTrades_AUDUSD_6_5.9.126_SELL_M15_OOS.csv,0.1,1.3,13.0,-122.2,0.0,-122.2,1.3,1.3,6277.700000000002
1200,AUDUSD,SELL,2025-03-26 03:00:00+00:00,2025-03-26 04:06:40+00:00,0.63065,0.62875,18.5,18.5,5.9.126,DEMO,OOS,0.0,0.1,0.1,DEMO_ACCOUNT,0.1,C:\Users\Leon\Desktop\QUANT\Data_Center\Data\2_Baseline\Trades\Backtest\DEMO_ACCOUNT\OOS\listOfTrades_AUDUSD_6_5.9.126_SELL_M15_OOS.csv,0.1,1.3,13.0,240.5,0.0,240.5,1.3,1.3,6518.200000000002
1202,AUDUSD,SELL,2025-04-01 05:30:00+00:00,2025-04-01 17:38:40+00:00,0.62518,0.62678,-16.5,-16.5,5.9.126,DEMO,OOS,0.0,0.1,0.1,DEMO_ACCOUNT,0.1,C:\Users\Leon\Desktop\QUANT\Data_Center\Data\2_Baseline\Trades\Backtest\DEMO_ACCOUNT\OOS\listOfTrades_AUDUSD_6_5.9.126_SELL_M15_OOS.csv,0.1,1.3,13.0,-214.5,0.0,-214.5,1.3,1.3,6303.700000000002
1204,AUDUSD,SELL,2025-04-07 13:30:00+00:00,2025-04-07 17:11:40+00:00,0.60426,0.6101,-58.9,-58.9,5.9.126,DEMO,OOS,0.0,0.1,0.1,DEMO_ACCOUNT,0.1,C:\Users\Leon\Desktop\QUANT\Data_Center\Data\2_Baseline\Trades\Backtest\DEMO_ACCOUNT\OOS\listOfTrades_AUDUSD_6_5.9.126_SELL_M15_OOS.csv,0.1,1.3,13.0,-765.6999999999999,0.0,-765.6999999999999,1.3,1.3,5538.000000000002
1206,AUDUSD,SELL,2025-04-08 03:15:00+00:00,2025-04-08 08:58:40+00:00,0.60127,0.60657,-53.5,-53.5,5.9.126,DEMO,OOS,0.0,0.1,0.1,DEMO_ACCOUNT,0.1,C:\Users\Leon\Desktop\QUANT\Data_Center\Data\2_Baseline\Trades\Backtest\DEMO_ACCOUNT\OOS\listOfTrades_AUDUSD_6_5.9.126_SELL_M15_OOS.csv,0.1,1.3,13.0,-695.5,0.0,-695.5,1.3,1.3,4842.500000000002
1208,AUDUSD,SELL,2025-04-09 04:30:00+00:00,2025-04-09 10:57:40+00:00,0.59787,0.60222,-44.0,-44.0,5.9.126,DEMO,OOS,0.0,0.1,0.1,DEMO_ACCOUNT,0.1,C:\Users\Leon\Desktop\QUANT\Data_Center\Data\2_Baseline\Trades\Backtest\DEMO_ACCOUNT\OOS\listOfTrades_AUDUSD_6_5.9.126_SELL_M15_OOS.csv,0.1,1.3,13.0,-572.0,0.0,-572.0,1.3,1.3,4270.500000000002
1210,AUDUSD,SELL,2025-04-10 17:45:00+00:00,2025-04-10 21:31:40+00:00,0.62157,0.62463,-31.1,-31.1,5.9.126,DEMO,OOS,0.0,0.1,0.1,DEMO_ACCOUNT,0.1,C:\Users\Leon\Desktop\QUANT\Data_Center\Data\2_Baseline\Trades\Backtest\DEMO_ACCOUNT\OOS\listOfTrades_AUDUSD_6_5.9.126_SELL_M15_OOS.csv,0.1,1.3,13.0,-404.3,0.0,-404.3,1.3,1.3,3866.2000000000016
1212,AUDUSD,SELL,2025-04-11 04:45:00+00:00,2025-04-11 15:48:40+00:00,0.62351,0.6263,-28.4,-28.4,5.9.126,DEMO,OOS,0.0,0.1,0.1,DEMO_ACCOUNT,0.1,C:\Users\Leon\Desktop\QUANT\Data_Center\Data\2_Baseline\Trades\Backtest\DEMO_ACCOUNT\OOS\listOfTrades_AUDUSD_6_5.9.126_SELL_M15_OOS.csv,0.1,1.3,13.0,-369.2,0.0,-369.2,1.3,1.3,3497.000000000002
1214,AUDUSD,SELL,2025-04-14 03:15:00+00:00,2025-04-14 23:45:00+00:00,0.63091,0.63263,-17.7,-17.7,5.9.126,DEMO,OOS,0.0,0.1,0.1,DEMO_ACCOUNT,0.1,C:\Users\Leon\Desktop\QUANT\Data_Center\Data\2_Baseline\Trades\Backtest\DEMO_ACCOUNT\OOS\listOfTrades_AUDUSD_6_5.9.126_SELL_M15_OOS.csv,0.1,1.3,13.0,-230.1,0.0,-230.1,1.3,1.3,3266.900000000002
1216,AUDUSD,SELL,2025-04-15 04:30:00+00:00,2025-04-15 23:45:00+00:00,0.63423,0.6347,-5.2,-5.2,5.9.126,DEMO,OOS,0.0,0.1,0.1,DEMO_ACCOUNT,0.1,C:\Users\Leon\Desktop\QUANT\Data_Center\Data\2_Baseline\Trades\Backtest\DEMO_ACCOUNT\OOS\listOfTrades_AUDUSD_6_5.9.126_SELL_M15_OOS.csv,0.1,1.3,13.0,-67.60000000000001,0.0,-67.60000000000001,1.3,1.3,3199.300000000002
1218,AUDUSD,SELL,2025-04-16 05:15:00+00:00,2025-04-16 17:02:20+00:00,0.63556,0.63805,-25.4,-25.4,5.9.126,DEMO,OOS,0.0,0.1,0.1,DEMO_ACCOUNT,0.1,C:\Users\Leon\Desktop\QUANT\Data_Center\Data\2_Baseline\Trades\Backtest\DEMO_ACCOUNT\OOS\listOfTrades_AUDUSD_6_5.9.126_SELL_M15_OOS.csv,0.1,1.3,13.0,-330.2,0.0,-330.2,1.3,1.3,2869.100000000002
1220,AUDUSD,SELL,2025-04-17 15:45:00+00:00,2025-04-17 23:45:00+00:00,0.63703,0.63908,-21.0,-21.0,5.9.126,DEMO,OOS,0.0,0.1,0.1,DEMO_ACCOUNT,0.1,C:\Users\Leon\Desktop\QUANT\Data_Center\Data\2_Baseline\Trades\Backtest\DEMO_ACCOUNT\OOS\listOfTrades_AUDUSD_6_5.9.126_SELL_M15_OOS.csv,0.1,1.3,13.0,-273.0,0.0,-273.0,1.3,1.3,2596.100000000002
1222,AUDUSD,SELL,2025-04-21 01:15:00+00:00,2025-04-21 06:07:40+00:00,0.63805,0.64023,-22.3,-22.3,5.9.126,DEMO,OOS,0.0,0.1,0.1,DEMO_ACCOUNT,0.1,C:\Users\Leon\Desktop\QUANT\Data_Center\Data\2_Baseline\Trades\Backtest\DEMO_ACCOUNT\OOS\listOfTrades_AUDUSD_6_5.9.126_SELL_M15_OOS.csv,0.1,1.3,13.0,-289.90000000000003,0.0,-289.90000000000003,1.3,1.3,2306.200000000002
1224,AUDUSD,SELL,2025-04-22 05:15:00+00:00,2025-04-22 16:18:40+00:00,0.64221,0.63804,41.2,41.2,5.9.126,DEMO,OOS,0.0,0.1,0.1,DEMO_ACCOUNT,0.1,C:\Users\Leon\Desktop\QUANT\Data_Center\Data\2_Baseline\Trades\Backtest\DEMO_ACCOUNT\OOS\listOfTrades_AUDUSD_6_5.9.126_SELL_M15_OOS.csv,0.1,1.3,13.0,535.6,0.0,535.6,1.3,1.3,2841.800000000002
1226,AUDUSD,SELL,2025-04-23 03:45:00+00:00,2025-04-23 09:11:40+00:00,0.6387,0.64155,-29.0,-29.0,5.9.126,DEMO,OOS,0.0,0.1,0.1,DEMO_ACCOUNT,0.1,C:\Users\Leon\Desktop\QUANT\Data_Center\Data\2_Baseline\Trades\Backtest\DEMO_ACCOUNT\OOS\listOfTrades_AUDUSD_6_5.9.126_SELL_M15_OOS.csv,0.1,1.3,13.0,-377.0,0.0,-377.0,1.3,1.3,2464.800000000002
1228,AUDUSD,SELL,2025-04-24 10:15:00+00:00,2025-04-24 22:38:40+00:00,0.63774,0.64093,-32.4,-32.4,5.9.126,DEMO,OOS,0.0,0.1,0.1,DEMO_ACCOUNT,0.1,C:\Users\Leon\Desktop\QUANT\Data_Center\Data\2_Baseline\Trades\Backtest\DEMO_ACCOUNT\OOS\listOfTrades_AUDUSD_6_5.9.126_SELL_M15_OOS.csv,0.1,1.3,13.0,-421.2,0.0,-421.2,1.3,1.3,2043.600000000002
1230,AUDUSD,SELL,2025-05-05 12:30:00+00:00,2025-05-05 23:45:00+00:00,0.64883,0.64678,20.0,20.0,5.9.126,DEMO,OOS,0.0,0.1,0.1,DEMO_ACCOUNT,0.1,C:\Users\Leon\Desktop\QUANT\Data_Center\Data\2_Baseline\Trades\Backtest\DEMO_ACCOUNT\OOS\listOfTrades_AUDUSD_6_5.9.126_SELL_M15_OOS.csv,0.1,1.3,13.0,260.0,0.0,260.0,1.3,1.3,2303.600000000002
1232,AUDUSD,SELL,2025-05-06 08:00:00+00:00,2025-05-06 15:56:40+00:00,0.6469,0.64706,-2.1,-2.1,5.9.126,DEMO,OOS,0.0,0.1,0.1,DEMO_ACCOUNT,0.1,C:\Users\Leon\Desktop\QUANT\Data_Center\Data\2_Baseline\Trades\Backtest\DEMO_ACCOUNT\OOS\listOfTrades_AUDUSD_6_5.9.126_SELL_M15_OOS.csv,0.1,1.3,13.0,-27.3,0.0,-27.3,1.3,1.3,2276.300000000002
1234,AUDUSD,SELL,2025-05-07 01:30:00+00:00,2025-05-07 10:18:20+00:00,0.65141,0.6475,38.6,38.6,5.9.126,DEMO,OOS,0.0,0.1,0.1,DEMO_ACCOUNT,0.1,C:\Users\Leon\Desktop\QUANT\Data_Center\Data\2_Baseline\Trades\Backtest\DEMO_ACCOUNT\OOS\listOfTrades_AUDUSD_6_5.9.126_SELL_M15_OOS.csv,0.1,1.3,13.0,501.8,0.0,501.8,1.3,1.3,2778.100000000002
1236,AUDUSD,SELL,2025-05-08 04:00:00+00:00,2025-05-08 20:29:40+00:00,0.64414,0.64017,39.2,39.2,5.9.126,DEMO,OOS,0.0,0.1,0.1,DEMO_ACCOUNT,0.1,C:\Users\Leon\Desktop\QUANT\Data_Center\Data\2_Baseline\Trades\Backtest\DEMO_ACCOUNT\OOS\listOfTrades_AUDUSD_6_5.9.126_SELL_M15_OOS.csv,0.1,1.3,13.0,509.6,0.0,509.6,1.3,1.3,3287.700000000002
1238,AUDUSD,SELL,2025-05-09 16:15:00+00:00,2025-05-09 23:45:00+00:00,0.64157,0.6411,4.2,4.2,5.9.126,DEMO,OOS,0.0,0.1,0.1,DEMO_ACCOUNT,0.1,C:\Users\Leon\Desktop\QUANT\Data_Center\Data\2_Baseline\Trades\Backtest\DEMO_ACCOUNT\OOS\listOfTrades_AUDUSD_6_5.9.126_SELL_M15_OOS.csv,0.1,1.3,13.0,54.6,0.0,54.6,1.3,1.3,3342.300000000002
1240,AUDUSD,SELL,2025-05-12 01:15:00+00:00,2025-05-12 10:00:40+00:00,0.64302,0.64439,-14.2,-14.2,5.9.126,DEMO,OOS,0.0,0.1,0.1,DEMO_ACCOUNT,0.1,C:\Users\Leon\Desktop\QUANT\Data_Center\Data\2_Baseline\Trades\Backtest\DEMO_ACCOUNT\OOS\listOfTrades_AUDUSD_6_5.9.126_SELL_M15_OOS.csv,0.1,1.3,13.0,-184.6,0.0,-184.6,1.3,1.3,3157.700000000002
1242,AUDUSD,SELL,2025-05-14 04:30:00+00:00,2025-05-14 11:25:40+00:00,0.64796,0.65001,-21.0,-21.0,5.9.126,DEMO,OOS,0.0,0.1,0.1,DEMO_ACCOUNT,0.1,C:\Users\Leon\Desktop\QUANT\Data_Center\Data\2_Baseline\Trades\Backtest\DEMO_ACCOUNT\OOS\listOfTrades_AUDUSD_6_5.9.126_SELL_M15_OOS.csv,0.1,1.3,13.0,-273.0,0.0,-273.0,1.3,1.3,2884.700000000002
1244,AUDUSD,SELL,2025-05-15 03:45:00+00:00,2025-05-15 13:57:40+00:00,0.64344,0.64054,28.5,28.5,5.9.126,DEMO,OOS,0.0,0.1,0.1,DEMO_ACCOUNT,0.1,C:\Users\Leon\Desktop\QUANT\Data_Center\Data\2_Baseline\Trades\Backtest\DEMO_ACCOUNT\OOS\listOfTrades_AUDUSD_6_5.9.126_SELL_M15_OOS.csv,0.1,1.3,13.0,370.5,0.0,370.5,1.3,1.3,3255.200000000002
1246,AUDUSD,SELL,2025-05-26 04:30:00+00:00,2025-05-26 23:45:00+00:00,0.65135,0.64874,25.6,25.6,5.9.126,DEMO,OOS,0.0,0.1,0.1,DEMO_ACCOUNT,0.1,C:\Users\Leon\Desktop\QUANT\Data_Center\Data\2_Baseline\Trades\Backtest\DEMO_ACCOUNT\OOS\listOfTrades_AUDUSD_6_5.9.126_SELL_M15_OOS.csv,0.1,1.3,13.0,332.8,0.0,332.8,1.3,1.3,3588.0000000000023
1248,AUDUSD,SELL,2025-05-27 04:00:00+00:00,2025-05-27 08:07:40+00:00,0.64923,0.64697,22.1,22.1,5.9.126,DEMO,OOS,0.0,0.1,0.1,DEMO_ACCOUNT,0.1,C:\Users\Leon\Desktop\QUANT\Data_Center\Data\2_Baseline\Trades\Backtest\DEMO_ACCOUNT\OOS\listOfTrades_AUDUSD_6_5.9.126_SELL_M15_OOS.csv,0.1,1.3,13.0,287.3,0.0,287.3,1.3,1.3,3875.3000000000025
1250,AUDUSD,SELL,2025-05-28 01:15:00+00:00,2025-05-28 15:55:40+00:00,0.64477,0.64223,24.9,24.9,5.9.126,DEMO,OOS,0.0,0.1,0.1,DEMO_ACCOUNT,0.1,C:\Users\Leon\Desktop\QUANT\Data_Center\Data\2_Baseline\Trades\Backtest\DEMO_ACCOUNT\OOS\listOfTrades_AUDUSD_6_5.9.126_SELL_M15_OOS.csv,0.1,1.3,13.0,323.7,0.0,323.7,1.3,1.3,4199.000000000003
1252,AUDUSD,SELL,2025-05-29 09:30:00+00:00,2025-05-29 16:25:20+00:00,0.64381,0.64596,-22.0,-22.0,5.9.126,DEMO,OOS,0.0,0.1,0.1,DEMO_ACCOUNT,0.1,C:\Users\Leon\Desktop\QUANT\Data_Center\Data\2_Baseline\Trades\Backtest\DEMO_ACCOUNT\OOS\listOfTrades_AUDUSD_6_5.9.126_SELL_M15_OOS.csv,0.1,1.3,13.0,-286.0,0.0,-286.0,1.3,1.3,3913.0000000000027
1254,AUDUSD,SELL,2025-06-06 03:15:00+00:00,2025-06-06 11:21:40+00:00,0.6516,0.64916,23.9,23.9,5.9.126,DEMO,OOS,0.0,0.1,0.1,DEMO_ACCOUNT,0.1,C:\Users\Leon\Desktop\QUANT\Data_Center\Data\2_Baseline\Trades\Backtest\DEMO_ACCOUNT\OOS\listOfTrades_AUDUSD_6_5.9.126_SELL_M15_OOS.csv,0.1,1.3,13.0,310.7,0.0,310.7,1.3,1.3,4223.700000000003
1256,AUDUSD,SELL,2025-06-10 06:30:00+00:00,2025-06-10 10:12:40+00:00,0.65254,0.64915,33.4,33.4,5.9.126,DEMO,OOS,0.0,0.1,0.1,DEMO_ACCOUNT,0.1,C:\Users\Leon\Desktop\QUANT\Data_Center\Data\2_Baseline\Trades\Backtest\DEMO_ACCOUNT\OOS\listOfTrades_AUDUSD_6_5.9.126_SELL_M15_OOS.csv,0.1,1.3,13.0,434.2,0.0,434.2,1.3,1.3,4657.900000000002
1258,AUDUSD,SELL,2025-06-11 02:00:00+00:00,2025-06-11 04:49:40+00:00,0.6526,0.65068,18.7,18.7,5.9.126,DEMO,OOS,0.0,0.1,0.1,DEMO_ACCOUNT,0.1,C:\Users\Leon\Desktop\QUANT\Data_Center\Data\2_Baseline\Trades\Backtest\DEMO_ACCOUNT\OOS\listOfTrades_AUDUSD_6_5.9.126_SELL_M15_OOS.csv,0.1,1.3,13.0,243.1,0.0,243.1,1.3,1.3,4901.000000000003
1260,AUDUSD,SELL,2025-06-13 17:15:00+00:00,2025-06-13 23:45:00+00:00,0.64953,0.6492,2.8,2.8,5.9.126,DEMO,OOS,0.0,0.1,0.1,DEMO_ACCOUNT,0.1,C:\Users\Leon\Desktop\QUANT\Data_Center\Data\2_Baseline\Trades\Backtest\DEMO_ACCOUNT\OOS\listOfTrades_AUDUSD_6_5.9.126_SELL_M15_OOS.csv,0.1,1.3,13.0,36.4,0.0,36.4,1.3,1.3,4937.400000000002
1262,AUDUSD,SELL,2025-06-23 17:15:00+00:00,2025-06-23 20:39:40+00:00,0.6425,0.64531,-28.6,-28.6,5.9.126,DEMO,OOS,0.0,0.1,0.1,DEMO_ACCOUNT,0.1,C:\Users\Leon\Desktop\QUANT\Data_Center\Data\2_Baseline\Trades\Backtest\DEMO_ACCOUNT\OOS\listOfTrades_AUDUSD_6_5.9.126_SELL_M15_OOS.csv,0.1,1.3,13.0,-371.8,0.0,-371.8,1.3,1.3,4565.600000000002
1264,AUDUSD,SELL,2025-06-24 02:15:00+00:00,2025-06-24 23:45:00+00:00,0.64745,0.64898,-15.8,-15.8,5.9.126,DEMO,OOS,0.0,0.1,0.1,DEMO_ACCOUNT,0.1,C:\Users\Leon\Desktop\QUANT\Data_Center\Data\2_Baseline\Trades\Backtest\DEMO_ACCOUNT\OOS\listOfTrades_AUDUSD_6_5.9.126_SELL_M15_OOS.csv,0.1,1.3,13.0,-205.4,0.0,-205.4,1.3,1.3,4360.200000000003
1266,AUDUSD,SELL,2025-06-27 04:00:00+00:00,2025-06-27 16:37:20+00:00,0.65541,0.65275,26.1,26.1,5.9.126,DEMO,OOS,0.0,0.1,0.1,DEMO_ACCOUNT,0.1,C:\Users\Leon\Desktop\QUANT\Data_Center\Data\2_Baseline\Trades\Backtest\DEMO_ACCOUNT\OOS\listOfTrades_AUDUSD_6_5.9.126_SELL_M15_OOS.csv,0.1,1.3,13.0,339.3,0.0,339.3,1.3,1.3,4699.500000000003
1268,AUDUSD,SELL,2025-06-30 08:00:00+00:00,2025-06-30 17:31:40+00:00,0.6543,0.65502,-7.7,-7.7,5.9.126,DEMO,OOS,0.0,0.1,0.1,DEMO_ACCOUNT,0.1,C:\Users\Leon\Desktop\QUANT\Data_Center\Data\2_Baseline\Trades\Backtest\DEMO_ACCOUNT\OOS\listOfTrades_AUDUSD_6_5.9.126_SELL_M15_OOS.csv,0.1,1.3,13.0,-100.10000000000001,0.0,-100.10000000000001,1.3,1.3,4599.400000000002
1270,AUDUSD,SELL,2025-07-07 16:45:00+00:00,2025-07-07 23:45:00+00:00,0.65106,0.64906,19.5,19.5,5.9.126,DEMO,OOS,0.0,0.1,0.1,DEMO_ACCOUNT,0.1,C:\Users\Leon\Desktop\QUANT\Data_Center\Data\2_Baseline\Trades\Backtest\DEMO_ACCOUNT\OOS\listOfTrades_AUDUSD_6_5.9.126_SELL_M15_OOS.csv,0.1,1.3,13.0,253.5,0.0,253.5,1.3,1.3,4852.900000000002
1272,AUDUSD,SELL,2025-07-08 03:00:00+00:00,2025-07-08 23:45:00+00:00,0.65061,0.65311,-25.5,-25.5,5.9.126,DEMO,OOS,0.0,0.1,0.1,DEMO_ACCOUNT,0.1,C:\Users\Leon\Desktop\QUANT\Data_Center\Data\2_Baseline\Trades\Backtest\DEMO_ACCOUNT\OOS\listOfTrades_AUDUSD_6_5.9.126_SELL_M15_OOS.csv,0.1,1.3,13.0,-331.5,0.0,-331.5,1.3,1.3,4521.400000000002
1274,AUDUSD,SELL,2025-07-09 05:15:00+00:00,2025-07-09 07:38:40+00:00,0.6536,0.65397,-4.2,-4.2,5.9.126,DEMO,OOS,0.0,0.1,0.1,DEMO_ACCOUNT,0.1,C:\Users\Leon\Desktop\QUANT\Data_Center\Data\2_Baseline\Trades\Backtest\DEMO_ACCOUNT\OOS\listOfTrades_AUDUSD_6_5.9.126_SELL_M15_OOS.csv,0.1,1.3,13.0,-54.6,0.0,-54.6,1.3,1.3,4466.800000000002
1276,AUDUSD,SELL,2025-07-10 03:30:00+00:00,2025-07-10 13:30:40+00:00,0.65444,0.65647,-20.8,-20.8,5.9.126,DEMO,OOS,0.0,0.1,0.1,DEMO_ACCOUNT,0.1,C:\Users\Leon\Desktop\QUANT\Data_Center\Data\2_Baseline\Trades\Backtest\DEMO_ACCOUNT\OOS\listOfTrades_AUDUSD_6_5.9.126_SELL_M15_OOS.csv,0.1,1.3,13.0,-270.40000000000003,0.0,-270.40000000000003,1.3,1.3,4196.400000000002
1278,AUDUSD,SELL,2025-07-17 18:15:00+00:00,2025-07-17 23:45:00+00:00,0.64819,0.64904,-9.0,-9.0,5.9.126,DEMO,OOS,0.0,0.1,0.1,DEMO_ACCOUNT,0.1,C:\Users\Leon\Desktop\QUANT\Data_Center\Data\2_Baseline\Trades\Backtest\DEMO_ACCOUNT\OOS\listOfTrades_AUDUSD_6_5.9.126_SELL_M15_OOS.csv,0.1,1.3,13.0,-117.0,0.0,-117.0,1.3,1.3,4079.4000000000024
1280,AUDUSD,SELL,2025-07-18 01:45:00+00:00,2025-07-18 23:45:00+00:00,0.64953,0.65078,-13.0,-13.0,5.9.126,DEMO,OOS,0.0,0.1,0.1,DEMO_ACCOUNT,0.1,C:\Users\Leon\Desktop\QUANT\Data_Center\Data\2_Baseline\Trades\Backtest\DEMO_ACCOUNT\OOS\listOfTrades_AUDUSD_6_5.9.126_SELL_M15_OOS.csv,0.1,1.3,13.0,-169.0,0.0,-169.0,1.3,1.3,3910.4000000000024
1282,AUDUSD,SELL,2025-07-23 10:15:00+00:00,2025-07-23 23:45:00+00:00,0.65753,0.66022,-27.4,-27.4,5.9.126,DEMO,OOS,0.0,0.1,0.1,DEMO_ACCOUNT,0.1,C:\Users\Leon\Desktop\QUANT\Data_Center\Data\2_Baseline\Trades\Backtest\DEMO_ACCOUNT\OOS\listOfTrades_AUDUSD_6_5.9.126_SELL_M15_OOS.csv,0.1,1.3,13.0,-356.2,0.0,-356.2,1.3,1.3,3554.2000000000025
1284,AUDUSD,SELL,2025-07-24 04:15:00+00:00,2025-07-24 23:45:00+00:00,0.66075,0.6589,18.0,18.0,5.9.126,DEMO,OOS,0.0,0.1,0.1,DEMO_ACCOUNT,0.1,C:\Users\Leon\Desktop\QUANT\Data_Center\Data\2_Baseline\Trades\Backtest\DEMO_ACCOUNT\OOS\listOfTrades_AUDUSD_6_5.9.126_SELL_M15_OOS.csv,0.1,1.3,13.0,234.0,0.0,234.0,1.3,1.3,3788.2000000000025
1286,AUDUSD,SELL,2025-07-28 00:15:00+00:00,2025-07-28 09:27:40+00:00,0.65706,0.65475,22.6,22.6,5.9.126,DEMO,OOS,0.0,0.1,0.1,DEMO_ACCOUNT,0.1,C:\Users\Leon\Desktop\QUANT\Data_Center\Data\2_Baseline\Trades\Backtest\DEMO_ACCOUNT\OOS\listOfTrades_AUDUSD_6_5.9.126_SELL_M15_OOS.csv,0.1,1.3,13.0,293.8,0.0,293.8,1.3,1.3,4082.0000000000027
1288,AUDUSD,SELL,2025-07-30 03:30:00+00:00,2025-07-30 11:15:40+00:00,0.6518,0.64982,19.3,19.3,5.9.126,DEMO,OOS,0.0,0.1,0.1,DEMO_ACCOUNT,0.1,C:\Users\Leon\Desktop\QUANT\Data_Center\Data\2_Baseline\Trades\Backtest\DEMO_ACCOUNT\OOS\listOfTrades_AUDUSD_6_5.9.126_SELL_M15_OOS.csv,0.1,1.3,13.0,250.9,0.0,250.9,1.3,1.3,4332.900000000002
1290,AUDUSD,SELL,2025-07-31 05:00:00+00:00,2025-07-31 09:20:40+00:00,0.64515,0.64725,-21.5,-21.5,5.9.126,DEMO,OOS,0.0,0.1,0.1,DEMO_ACCOUNT,0.1,C:\Users\Leon\Desktop\QUANT\Data_Center\Data\2_Baseline\Trades\Backtest\DEMO_ACCOUNT\OOS\listOfTrades_AUDUSD_6_5.9.126_SELL_M15_OOS.csv,0.1,1.3,13.0,-279.5,0.0,-279.5,1.3,1.3,4053.4000000000024
1292,AUDUSD,SELL,2025-08-01 04:15:00+00:00,2025-08-01 15:30:40+00:00,0.64366,0.64418,-5.7,-5.7,5.9.126,DEMO,OOS,0.0,0.1,0.1,DEMO_ACCOUNT,0.1,C:\Users\Leon\Desktop\QUANT\Data_Center\Data\2_Baseline\Trades\Backtest\DEMO_ACCOUNT\OOS\listOfTrades_AUDUSD_6_5.9.126_SELL_M15_OOS.csv,0.1,1.3,13.0,-74.10000000000001,0.0,-74.10000000000001,1.3,1.3,3979.3000000000025
1294,AUDUSD,SELL,2025-08-04 04:45:00+00:00,2025-08-04 23:45:00+00:00,0.64781,0.64667,10.9,10.9,5.9.126,DEMO,OOS,0.0,0.1,0.1,DEMO_ACCOUNT,0.1,C:\Users\Leon\Desktop\QUANT\Data_Center\Data\2_Baseline\Trades\Backtest\DEMO_ACCOUNT\OOS\listOfTrades_AUDUSD_6_5.9.126_SELL_M15_OOS.csv,0.1,1.3,13.0,141.70000000000002,0.0,141.70000000000002,1.3,1.3,4121.000000000003
1296,AUDUSD,SELL,2025-08-05 01:45:00+00:00,2025-08-05 23:45:00+00:00,0.64713,0.64719,-1.1,-1.1,5.9.126,DEMO,OOS,0.0,0.1,0.1,DEMO_ACCOUNT,0.1,C:\Users\Leon\Desktop\QUANT\Data_Center\Data\2_Baseline\Trades\Backtest\DEMO_ACCOUNT\OOS\listOfTrades_AUDUSD_6_5.9.126_SELL_M15_OOS.csv,0.1,1.3,13.0,-14.3,0.0,-14.3,1.3,1.3,4106.700000000003
1298,AUDUSD,SELL,2025-08-08 20:45:00+00:00,2025-08-08 23:45:00+00:00,0.65317,0.65219,9.3,9.3,5.9.126,DEMO,OOS,0.0,0.1,0.1,DEMO_ACCOUNT,0.1,C:\Users\Leon\Desktop\QUANT\Data_Center\Data\2_Baseline\Trades\Backtest\DEMO_ACCOUNT\OOS\listOfTrades_AUDUSD_6_5.9.126_SELL_M15_OOS.csv,0.1,1.3,13.0,120.9,0.0,120.9,1.3,1.3,4227.600000000002
1300,AUDUSD,SELL,2025-08-11 05:30:00+00:00,2025-08-11 15:16:20+00:00,0.65238,0.65027,20.6,20.6,5.9.126,DEMO,OOS,0.0,0.1,0.1,DEMO_ACCOUNT,0.1,C:\Users\Leon\Desktop\QUANT\Data_Center\Data\2_Baseline\Trades\Backtest\DEMO_ACCOUNT\OOS\listOfTrades_AUDUSD_6_5.9.126_SELL_M15_OOS.csv,0.1,1.3,13.0,267.8,0.0,267.8,1.3,1.3,4495.400000000002
1302,AUDUSD,SELL,2025-08-21 12:15:00+00:00,2025-08-21 23:45:00+00:00,0.64279,0.64222,5.2,5.2,5.9.126,DEMO,OOS,0.0,0.1,0.1,DEMO_ACCOUNT,0.1,C:\Users\Leon\Desktop\QUANT\Data_Center\Data\2_Baseline\Trades\Backtest\DEMO_ACCOUNT\OOS\listOfTrades_AUDUSD_6_5.9.126_SELL_M15_OOS.csv,0.1,1.3,13.0,67.60000000000001,0.0,67.60000000000001,1.3,1.3,4563.000000000003
1304,AUDUSD,SELL,2025-08-22 05:45:00+00:00,2025-08-22 17:00:40+00:00,0.64285,0.64358,-7.8,-7.8,5.9.126,DEMO,OOS,0.0,0.1,0.1,DEMO_ACCOUNT,0.1,C:\Users\Leon\Desktop\QUANT\Data_Center\Data\2_Baseline\Trades\Backtest\DEMO_ACCOUNT\OOS\listOfTrades_AUDUSD_6_5.9.126_SELL_M15_OOS.csv,0.1,1.3,13.0,-101.39999999999999,0.0,-101.39999999999999,1.3,1.3,4461.600000000003
1306,AUDUSD,SELL,2025-08-25 09:15:00+00:00,2025-08-25 23:45:00+00:00,0.65016,0.64852,15.9,15.9,5.9.126,DEMO,OOS,0.0,0.1,0.1,DEMO_ACCOUNT,0.1,C:\Users\Leon\Desktop\QUANT\Data_Center\Data\2_Baseline\Trades\Backtest\DEMO_ACCOUNT\OOS\listOfTrades_AUDUSD_6_5.9.126_SELL_M15_OOS.csv,0.1,1.3,13.0,206.70000000000002,0.0,206.70000000000002,1.3,1.3,4668.300000000003
1308,AUDUSD,SELL,2025-08-26 03:15:00+00:00,2025-08-26 17:23:40+00:00,0.64927,0.64939,-1.7,-1.7,5.9.126,DEMO,OOS,0.0,0.1,0.1,DEMO_ACCOUNT,0.1,C:\Users\Leon\Desktop\QUANT\Data_Center\Data\2_Baseline\Trades\Backtest\DEMO_ACCOUNT\OOS\listOfTrades_AUDUSD_6_5.9.126_SELL_M15_OOS.csv,0.1,1.3,13.0,-22.099999999999998,0.0,-22.099999999999998,1.3,1.3,4646.200000000003
1310,AUDUSD,SELL,2025-08-27 04:45:00+00:00,2025-08-27 10:28:40+00:00,0.65007,0.64796,20.6,20.6,5.9.126,DEMO,OOS,0.0,0.1,0.1,DEMO_ACCOUNT,0.1,C:\Users\Leon\Desktop\QUANT\Data_Center\Data\2_Baseline\Trades\Backtest\DEMO_ACCOUNT\OOS\listOfTrades_AUDUSD_6_5.9.126_SELL_M15_OOS.csv,0.1,1.3,13.0,267.8,0.0,267.8,1.3,1.3,4914.000000000003
1312,AUDUSD,SELL,2025-08-28 04:15:00+00:00,2025-08-28 13:16:40+00:00,0.65162,0.65252,-9.5,-9.5,5.9.126,DEMO,OOS,0.0,0.1,0.1,DEMO_ACCOUNT,0.1,C:\Users\Leon\Desktop\QUANT\Data_Center\Data\2_Baseline\Trades\Backtest\DEMO_ACCOUNT\OOS\listOfTrades_AUDUSD_6_5.9.126_SELL_M15_OOS.csv,0.1,1.3,13.0,-123.5,0.0,-123.5,1.3,1.3,4790.500000000003
1314,AUDUSD,SELL,2025-08-29 04:00:00+00:00,2025-08-29 17:26:40+00:00,0.65355,0.65433,-8.3,-8.3,5.9.126,DEMO,OOS,0.0,0.1,0.1,DEMO_ACCOUNT,0.1,C:\Users\Leon\Desktop\QUANT\Data_Center\Data\2_Baseline\Trades\Backtest\DEMO_ACCOUNT\OOS\listOfTrades_AUDUSD_6_5.9.126_SELL_M15_OOS.csv,0.1,1.3,13.0,-107.9,0.0,-107.9,1.3,1.3,4682.600000000003
1316,AUDUSD,SELL,2025-09-01 11:45:00+00:00,2025-09-01 23:45:00+00:00,0.65542,0.65552,-1.5,-1.5,5.9.126,DEMO,OOS,0.0,0.1,0.1,DEMO_ACCOUNT,0.1,C:\Users\Leon\Desktop\QUANT\Data_Center\Data\2_Baseline\Trades\Backtest\DEMO_ACCOUNT\OOS\listOfTrades_AUDUSD_6_5.9.126_SELL_M15_OOS.csv,0.1,1.3,13.0,-19.5,0.0,-19.5,1.3,1.3,4663.100000000003
1318,AUDUSD,SELL,2025-09-02 03:00:00+00:00,2025-09-02 05:04:40+00:00,0.65567,0.65428,13.4,13.4,5.9.126,DEMO,OOS,0.0,0.1,0.1,DEMO_ACCOUNT,0.1,C:\Users\Leon\Desktop\QUANT\Data_Center\Data\2_Baseline\Trades\Backtest\DEMO_ACCOUNT\OOS\listOfTrades_AUDUSD_6_5.9.126_SELL_M15_OOS.csv,0.1,1.3,13.0,174.20000000000002,0.0,174.20000000000002,1.3,1.3,4837.300000000003
1320,AUDUSD,SELL,2025-09-03 05:00:00+00:00,2025-09-03 11:17:40+00:00,0.65243,0.6529,-5.2,-5.2,5.9.126,DEMO,OOS,0.0,0.1,0.1,DEMO_ACCOUNT,0.1,C:\Users\Leon\Desktop\QUANT\Data_Center\Data\2_Baseline\Trades\Backtest\DEMO_ACCOUNT\OOS\listOfTrades_AUDUSD_6_5.9.126_SELL_M15_OOS.csv,0.1,1.3,13.0,-67.60000000000001,0.0,-67.60000000000001,1.3,1.3,4769.700000000003
1322,AUDUSD,SELL,2025-09-04 03:15:00+00:00,2025-09-04 07:57:20+00:00,0.65479,0.65285,18.9,18.9,5.9.126,DEMO,OOS,0.0,0.1,0.1,DEMO_ACCOUNT,0.1,C:\Users\Leon\Desktop\QUANT\Data_Center\Data\2_Baseline\Trades\Backtest\DEMO_ACCOUNT\OOS\listOfTrades_AUDUSD_6_5.9.126_SELL_M15_OOS.csv,0.1,1.3,13.0,245.7,0.0,245.7,1.3,1.3,5015.400000000002
1324,AUDUSD,SELL,2025-09-05 03:00:00+00:00,2025-09-05 10:51:40+00:00,0.65219,0.65408,-19.4,-19.4,5.9.126,DEMO,OOS,0.0,0.1,0.1,DEMO_ACCOUNT,0.1,C:\Users\Leon\Desktop\QUANT\Data_Center\Data\2_Baseline\Trades\Backtest\DEMO_ACCOUNT\OOS\listOfTrades_AUDUSD_6_5.9.126_SELL_M15_OOS.csv,0.1,1.3,13.0,-252.2,0.0,-252.2,1.3,1.3,4763.200000000003
1326,AUDUSD,SELL,2025-09-08 05:00:00+00:00,2025-09-08 09:52:40+00:00,0.65665,0.65759,-9.9,-9.9,5.9.126,DEMO,OOS,0.0,0.1,0.1,DEMO_ACCOUNT,0.1,C:\Users\Leon\Desktop\QUANT\Data_Center\Data\2_Baseline\Trades\Backtest\DEMO_ACCOUNT\OOS\listOfTrades_AUDUSD_6_5.9.126_SELL_M15_OOS.csv,0.1,1.3,13.0,-128.70000000000002,0.0,-128.70000000000002,1.3,1.3,4634.500000000003
1328,AUDUSD,SELL,2025-09-09 05:15:00+00:00,2025-09-09 12:09:40+00:00,0.66027,0.66154,-13.2,-13.2,5.9.126,DEMO,OOS,0.0,0.1,0.1,DEMO_ACCOUNT,0.1,C:\Users\Leon\Desktop\QUANT\Data_Center\Data\2_Baseline\Trades\Backtest\DEMO_ACCOUNT\OOS\listOfTrades_AUDUSD_6_5.9.126_SELL_M15_OOS.csv,0.1,1.3,13.0,-171.6,0.0,-171.6,1.3,1.3,4462.900000000002
1330,AUDUSD,SELL,2025-09-10 04:00:00+00:00,2025-09-10 06:02:40+00:00,0.65879,0.66002,-12.8,-12.8,5.9.126,DEMO,OOS,0.0,0.1,0.1,DEMO_ACCOUNT,0.1,C:\Users\Leon\Desktop\QUANT\Data_Center\Data\2_Baseline\Trades\Backtest\DEMO_ACCOUNT\OOS\listOfTrades_AUDUSD_6_5.9.126_SELL_M15_OOS.csv,0.1,1.3,13.0,-166.4,0.0,-166.4,1.3,1.3,4296.500000000003
1332,AUDUSD,SELL,2025-09-11 16:00:00+00:00,2025-09-11 17:16:40+00:00,0.66227,0.66436,-21.4,-21.4,5.9.126,DEMO,OOS,0.0,0.1,0.1,DEMO_ACCOUNT,0.1,C:\Users\Leon\Desktop\QUANT\Data_Center\Data\2_Baseline\Trades\Backtest\DEMO_ACCOUNT\OOS\listOfTrades_AUDUSD_6_5.9.126_SELL_M15_OOS.csv,0.1,1.3,13.0,-278.2,0.0,-278.2,1.3,1.3,4018.300000000003
1334,AUDUSD,SELL,2025-09-12 04:00:00+00:00,2025-09-12 11:23:40+00:00,0.66677,0.66467,20.5,20.5,5.9.126,DEMO,OOS,0.0,0.1,0.1,DEMO_ACCOUNT,0.1,C:\Users\Leon\Desktop\QUANT\Data_Center\Data\2_Baseline\Trades\Backtest\DEMO_ACCOUNT\OOS\listOfTrades_AUDUSD_6_5.9.126_SELL_M15_OOS.csv,0.1,1.3,13.0,266.5,0.0,266.5,1.3,1.3,4284.800000000003
1336,AUDUSD,SELL,2025-09-15 04:45:00+00:00,2025-09-15 20:48:40+00:00,0.66541,0.66723,-18.7,-18.7,5.9.126,DEMO,OOS,0.0,0.1,0.1,DEMO_ACCOUNT,0.1,C:\Users\Leon\Desktop\QUANT\Data_Center\Data\2_Baseline\Trades\Backtest\DEMO_ACCOUNT\OOS\listOfTrades_AUDUSD_6_5.9.126_SELL_M15_OOS.csv,0.1,1.3,13.0,-243.1,0.0,-243.1,1.3,1.3,4041.700000000003
1338,AUDUSD,SELL,2025-09-16 14:45:00+00:00,2025-09-16 19:25:40+00:00,0.66737,0.66835,-10.3,-10.3,5.9.126,DEMO,OOS,0.0,0.1,0.1,DEMO_ACCOUNT,0.1,C:\Users\Leon\Desktop\QUANT\Data_Center\Data\2_Baseline\Trades\Backtest\DEMO_ACCOUNT\OOS\listOfTrades_AUDUSD_6_5.9.126_SELL_M15_OOS.csv,0.1,1.3,13.0,-133.9,0.0,-133.9,1.3,1.3,3907.800000000003
1340,AUDUSD,SELL,2025-09-17 15:45:00+00:00,2025-09-17 21:00:40+00:00,0.66799,0.6682,-2.6,-2.6,5.9.126,DEMO,OOS,0.0,0.1,0.1,DEMO_ACCOUNT,0.1,C:\Users\Leon\Desktop\QUANT\Data_Center\Data\2_Baseline\Trades\Backtest\DEMO_ACCOUNT\OOS\listOfTrades_AUDUSD_6_5.9.126_SELL_M15_OOS.csv,0.1,1.3,13.0,-33.800000000000004,0.0,-33.800000000000004,1.3,1.3,3874.0000000000027
1342,AUDUSD,SELL,2025-09-23 11:30:00+00:00,2025-09-23 23:45:00+00:00,0.65937,0.65969,-3.7,-3.7,5.9.126,DEMO,OOS,0.0,0.1,0.1,DEMO_ACCOUNT,0.1,C:\Users\Leon\Desktop\QUANT\Data_Center\Data\2_Baseline\Trades\Backtest\DEMO_ACCOUNT\OOS\listOfTrades_AUDUSD_6_5.9.126_SELL_M15_OOS.csv,0.1,1.3,13.0,-48.1,0.0,-48.1,1.3,1.3,3825.900000000003
1344,AUDUSD,SELL,2025-09-24 04:45:00+00:00,2025-09-24 19:12:40+00:00,0.66111,0.65813,29.3,29.3,5.9.126,DEMO,OOS,0.0,0.1,0.1,DEMO_ACCOUNT,0.1,C:\Users\Leon\Desktop\QUANT\Data_Center\Data\2_Baseline\Trades\Backtest\DEMO_ACCOUNT\OOS\listOfTrades_AUDUSD_6_5.9.126_SELL_M15_OOS.csv,0.1,1.3,13.0,380.90000000000003,0.0,380.90000000000003,1.3,1.3,4206.800000000003
1346,AUDUSD,SELL,2025-09-25 02:00:00+00:00,2025-09-25 15:33:20+00:00,0.65854,0.6565,19.9,19.9,5.9.126,DEMO,OOS,0.0,0.1,0.1,DEMO_ACCOUNT,0.1,C:\Users\Leon\Desktop\QUANT\Data_Center\Data\2_Baseline\Trades\Backtest\DEMO_ACCOUNT\OOS\listOfTrades_AUDUSD_6_5.9.126_SELL_M15_OOS.csv,0.1,1.3,13.0,258.7,0.0,258.7,1.3,1.3,4465.500000000003
1348,AUDUSD,SELL,2025-09-26 16:00:00+00:00,2025-09-26 23:45:00+00:00,0.6538,0.65483,-10.8,-10.8,5.9.126,DEMO,OOS,0.0,0.1,0.1,DEMO_ACCOUNT,0.1,C:\Users\Leon\Desktop\QUANT\Data_Center\Data\2_Baseline\Trades\Backtest\DEMO_ACCOUNT\OOS\listOfTrades_AUDUSD_6_5.9.126_SELL_M15_OOS.csv,0.1,1.3,13.0,-140.4,0.0,-140.4,1.3,1.3,4325.100000000003
1350,AUDUSD,SELL,2025-09-29 03:15:00+00:00,2025-09-29 07:40:00+00:00,0.65537,0.65713,-18.1,-18.1,5.9.126,DEMO,OOS,0.0,0.1,0.1,DEMO_ACCOUNT,0.1,C:\Users\Leon\Desktop\QUANT\Data_Center\Data\2_Baseline\Trades\Backtest\DEMO_ACCOUNT\OOS\listOfTrades_AUDUSD_6_5.9.126_SELL_M15_OOS.csv,0.1,1.3,13.0,-235.3,0.0,-235.3,1.3,1.3,4089.800000000003
1352,AUDUSD,SELL,2025-09-30 04:15:00+00:00,2025-09-30 07:30:40+00:00,0.65853,0.65967,-11.9,-11.9,5.9.126,DEMO,OOS,0.0,0.1,0.1,DEMO_ACCOUNT,0.1,C:\Users\Leon\Desktop\QUANT\Data_Center\Data\2_Baseline\Trades\Backtest\DEMO_ACCOUNT\OOS\listOfTrades_AUDUSD_6_5.9.126_SELL_M15_OOS.csv,0.1,1.3,13.0,-154.70000000000002,0.0,-154.70000000000002,1.3,1.3,3935.100000000003
1354,AUDUSD,SELL,2025-10-01 09:45:00+00:00,2025-10-01 15:17:40+00:00,0.66116,0.6628,-16.9,-16.9,5.9.126,DEMO,OOS,0.0,0.1,0.1,DEMO_ACCOUNT,0.1,C:\Users\Leon\Desktop\QUANT\Data_Center\Data\2_Baseline\Trades\Backtest\DEMO_ACCOUNT\OOS\listOfTrades_AUDUSD_6_5.9.126_SELL_M15_OOS.csv,0.1,1.3,13.0,-219.7,0.0,-219.7,1.3,1.3,3715.4000000000033
1356,AUDUSD,SELL,2025-10-02 05:00:00+00:00,2025-10-02 16:42:40+00:00,0.66197,0.65942,25.0,25.0,5.9.126,DEMO,OOS,0.0,0.1,0.1,DEMO_ACCOUNT,0.1,C:\Users\Leon\Desktop\QUANT\Data_Center\Data\2_Baseline\Trades\Backtest\DEMO_ACCOUNT\OOS\listOfTrades_AUDUSD_6_5.9.126_SELL_M15_OOS.csv,0.1,1.3,13.0,325.0,0.0,325.0,1.3,1.3,4040.4000000000033
1358,AUDUSD,SELL,2025-10-03 05:00:00+00:00,2025-10-03 18:45:40+00:00,0.66025,0.66093,-7.3,-7.3,5.9.126,DEMO,OOS,0.0,0.1,0.1,DEMO_ACCOUNT,0.1,C:\Users\Leon\Desktop\QUANT\Data_Center\Data\2_Baseline\Trades\Backtest\DEMO_ACCOUNT\OOS\listOfTrades_AUDUSD_6_5.9.126_SELL_M15_OOS.csv,0.1,1.3,13.0,-94.89999999999999,0.0,-94.89999999999999,1.3,1.3,3945.500000000003
1360,AUDUSD,SELL,2025-10-13 00:15:00+00:00,2025-10-13 04:02:40+00:00,0.65065,0.65181,-12.1,-12.1,5.9.126,DEMO,OOS,0.0,0.1,0.1,DEMO_ACCOUNT,0.1,C:\Users\Leon\Desktop\QUANT\Data_Center\Data\2_Baseline\Trades\Backtest\DEMO_ACCOUNT\OOS\listOfTrades_AUDUSD_6_5.9.126_SELL_M15_OOS.csv,0.1,1.3,13.0,-157.29999999999998,0.0,-157.29999999999998,1.3,1.3,3788.200000000003
1362,AUDUSD,SELL,2025-10-14 03:45:00+00:00,2025-10-14 06:34:40+00:00,0.65203,0.64953,24.5,24.5,5.9.126,DEMO,OOS,0.0,0.1,0.1,DEMO_ACCOUNT,0.1,C:\Users\Leon\Desktop\QUANT\Data_Center\Data\2_Baseline\Trades\Backtest\DEMO_ACCOUNT\OOS\listOfTrades_AUDUSD_6_5.9.126_SELL_M15_OOS.csv,0.1,1.3,13.0,318.5,0.0,318.5,1.3,1.3,4106.700000000003
1364,AUDUSD,SELL,2025-10-15 04:30:00+00:00,2025-10-15 09:23:20+00:00,0.65021,0.65222,-20.6,-20.6,5.9.126,DEMO,OOS,0.0,0.1,0.1,DEMO_ACCOUNT,0.1,C:\Users\Leon\Desktop\QUANT\Data_Center\Data\2_Baseline\Trades\Backtest\DEMO_ACCOUNT\OOS\listOfTrades_AUDUSD_6_5.9.126_SELL_M15_OOS.csv,0.1,1.3,13.0,-267.8,0.0,-267.8,1.3,1.3,3838.9000000000024
1366,AUDUSD,SELL,2025-10-16 09:30:00+00:00,2025-10-16 23:45:00+00:00,0.65027,0.64864,15.8,15.8,5.9.126,DEMO,OOS,0.0,0.1,0.1,DEMO_ACCOUNT,0.1,C:\Users\Leon\Desktop\QUANT\Data_Center\Data\2_Baseline\Trades\Backtest\DEMO_ACCOUNT\OOS\listOfTrades_AUDUSD_6_5.9.126_SELL_M15_OOS.csv,0.1,1.3,13.0,205.4,0.0,205.4,1.3,1.3,4044.3000000000025
1368,AUDUSD,SELL,2025-10-17 14:15:00+00:00,2025-10-17 23:45:00+00:00,0.64971,0.64956,1.0,1.0,5.9.126,DEMO,OOS,0.0,0.1,0.1,DEMO_ACCOUNT,0.1,C:\Users\Leon\Desktop\QUANT\Data_Center\Data\2_Baseline\Trades\Backtest\DEMO_ACCOUNT\OOS\listOfTrades_AUDUSD_6_5.9.126_SELL_M15_OOS.csv,0.1,1.3,13.0,13.0,0.0,13.0,1.3,1.3,4057.3000000000025
1370,AUDUSD,SELL,2025-10-20 04:15:00+00:00,2025-10-20 18:17:40+00:00,0.65124,0.65125,-0.6,-0.6,5.9.126,DEMO,OOS,0.0,0.1,0.1,DEMO_ACCOUNT,0.1,C:\Users\Leon\Desktop\QUANT\Data_Center\Data\2_Baseline\Trades\Backtest\DEMO_ACCOUNT\OOS\listOfTrades_AUDUSD_6_5.9.126_SELL_M15_OOS.csv,0.1,1.3,13.0,-7.8,0.0,-7.8,1.3,1.3,4049.5000000000023
1372,AUDUSD,SELL,2025-10-21 03:30:00+00:00,2025-10-21 07:01:40+00:00,0.65196,0.65034,15.7,15.7,5.9.126,DEMO,OOS,0.0,0.1,0.1,DEMO_ACCOUNT,0.1,C:\Users\Leon\Desktop\QUANT\Data_Center\Data\2_Baseline\Trades\Backtest\DEMO_ACCOUNT\OOS\listOfTrades_AUDUSD_6_5.9.126_SELL_M15_OOS.csv,0.1,1.3,13.0,204.1,0.0,204.1,1.3,1.3,4253.600000000002
1374,AUDUSD,SELL,2025-10-28 01:30:00+00:00,2025-10-28 17:10:40+00:00,0.6558,0.65656,-8.1,-8.1,5.9.126,DEMO,OOS,0.0,0.1,0.1,DEMO_ACCOUNT,0.1,C:\Users\Leon\Desktop\QUANT\Data_Center\Data\2_Baseline\Trades\Backtest\DEMO_ACCOUNT\OOS\listOfTrades_AUDUSD_6_5.9.126_SELL_M15_OOS.csv,0.1,1.3,13.0,-105.3,0.0,-105.3,1.3,1.3,4148.300000000002
1376,AUDUSD,SELL,2025-10-29 03:45:00+00:00,2025-10-29 09:38:40+00:00,0.66012,0.66109,-10.2,-10.2,5.9.126,DEMO,OOS,0.0,0.1,0.1,DEMO_ACCOUNT,0.1,C:\Users\Leon\Desktop\QUANT\Data_Center\Data\2_Baseline\Trades\Backtest\DEMO_ACCOUNT\OOS\listOfTrades_AUDUSD_6_5.9.126_SELL_M15_OOS.csv,0.1,1.3,13.0,-132.6,0.0,-132.6,1.3,1.3,4015.700000000002
1378,AUDUSD,SELL,2025-10-30 03:30:00+00:00,2025-10-30 15:28:40+00:00,0.65842,0.65481,35.6,35.6,5.9.126,DEMO,OOS,0.0,0.1,0.1,DEMO_ACCOUNT,0.1,C:\Users\Leon\Desktop\QUANT\Data_Center\Data\2_Baseline\Trades\Backtest\DEMO_ACCOUNT\OOS\listOfTrades_AUDUSD_6_5.9.126_SELL_M15_OOS.csv,0.1,1.3,13.0,462.8,0.0,462.8,1.3,1.3,4478.500000000002
1380,AUDUSD,SELL,2025-10-31 03:00:00+00:00,2025-10-31 09:55:40+00:00,0.65591,0.6538,20.6,20.6,5.9.126,DEMO,OOS,0.0,0.1,0.1,DEMO_ACCOUNT,0.1,C:\Users\Leon\Desktop\QUANT\Data_Center\Data\2_Baseline\Trades\Backtest\DEMO_ACCOUNT\OOS\listOfTrades_AUDUSD_6_5.9.126_SELL_M15_OOS.csv,0.1,1.3,13.0,267.8,0.0,267.8,1.3,1.3,4746.300000000002
1382,AUDUSD,SELL,2025-11-03 06:00:00+00:00,2025-11-03 16:41:40+00:00,0.65529,0.65287,23.7,23.7,5.9.126,DEMO,OOS,0.0,0.1,0.1,DEMO_ACCOUNT,0.1,C:\Users\Leon\Desktop\QUANT\Data_Center\Data\2_Baseline\Trades\Backtest\DEMO_ACCOUNT\OOS\listOfTrades_AUDUSD_6_5.9.126_SELL_M15_OOS.csv,0.1,1.3,13.0,308.09999999999997,0.0,308.09999999999997,1.3,1.3,5054.400000000002
1384,AUDUSD,SELL,2025-11-05 16:45:00+00:00,2025-11-05 18:52:20+00:00,0.64915,0.65123,-21.3,-21.3,5.9.126,DEMO,OOS,0.0,0.1,0.1,DEMO_ACCOUNT,0.1,C:\Users\Leon\Desktop\QUANT\Data_Center\Data\2_Baseline\Trades\Backtest\DEMO_ACCOUNT\OOS\listOfTrades_AUDUSD_6_5.9.126_SELL_M15_OOS.csv,0.1,1.3,13.0,-276.90000000000003,0.0,-276.90000000000003,1.3,1.3,4777.500000000003
1386,AUDUSD,SELL,2025-11-06 06:15:00+00:00,2025-11-06 16:41:40+00:00,0.65162,0.64911,24.6,24.6,5.9.126,DEMO,OOS,0.0,0.1,0.1,DEMO_ACCOUNT,0.1,C:\Users\Leon\Desktop\QUANT\Data_Center\Data\2_Baseline\Trades\Backtest\DEMO_ACCOUNT\OOS\listOfTrades_AUDUSD_6_5.9.126_SELL_M15_OOS.csv,0.1,1.3,13.0,319.8,0.0,319.8,1.3,1.3,5097.300000000003
1388,AUDUSD,SELL,2025-11-07 09:15:00+00:00,2025-11-07 21:40:40+00:00,0.64875,0.64949,-7.9,-7.9,5.9.126,DEMO,OOS,0.0,0.1,0.1,DEMO_ACCOUNT,0.1,C:\Users\Leon\Desktop\QUANT\Data_Center\Data\2_Baseline\Trades\Backtest\DEMO_ACCOUNT\OOS\listOfTrades_AUDUSD_6_5.9.126_SELL_M15_OOS.csv,0.1,1.3,13.0,-102.7,0.0,-102.7,1.3,1.3,4994.600000000003
1390,AUDUSD,SELL,2025-11-10 02:30:00+00:00,2025-11-10 07:20:40+00:00,0.65079,0.6528,-20.6,-20.6,5.9.126,DEMO,OOS,0.0,0.1,0.1,DEMO_ACCOUNT,0.1,C:\Users\Leon\Desktop\QUANT\Data_Center\Data\2_Baseline\Trades\Backtest\DEMO_ACCOUNT\OOS\listOfTrades_AUDUSD_6_5.9.126_SELL_M15_OOS.csv,0.1,1.3,13.0,-267.8,0.0,-267.8,1.3,1.3,4726.800000000003
1392,AUDUSD,SELL,2025-11-11 14:15:00+00:00,2025-11-11 23:45:00+00:00,0.65275,0.65281,-1.1,-1.1,5.9.126,DEMO,OOS,0.0,0.1,0.1,DEMO_ACCOUNT,0.1,C:\Users\Leon\Desktop\QUANT\Data_Center\Data\2_Baseline\Trades\Backtest\DEMO_ACCOUNT\OOS\listOfTrades_AUDUSD_6_5.9.126_SELL_M15_OOS.csv,0.1,1.3,13.0,-14.3,0.0,-14.3,1.3,1.3,4712.500000000003
1394,AUDUSD,SELL,2025-11-20 01:15:00+00:00,2025-11-20 15:37:40+00:00,0.64843,0.64953,-11.5,-11.5,5.9.126,DEMO,OOS,0.0,0.1,0.1,DEMO_ACCOUNT,0.1,C:\Users\Leon\Desktop\QUANT\Data_Center\Data\2_Baseline\Trades\Backtest\DEMO_ACCOUNT\OOS\listOfTrades_AUDUSD_6_5.9.126_SELL_M15_OOS.csv,0.1,1.3,13.0,-149.5,0.0,-149.5,1.3,1.3,4563.000000000003
1396,AUDUSD,SELL,2025-11-21 19:00:00+00:00,2025-11-21 23:45:00+00:00,0.64552,0.64584,-3.7,-3.7,5.9.126,DEMO,OOS,0.0,0.1,0.1,DEMO_ACCOUNT,0.1,C:\Users\Leon\Desktop\QUANT\Data_Center\Data\2_Baseline\Trades\Backtest\DEMO_ACCOUNT\OOS\listOfTrades_AUDUSD_6_5.9.126_SELL_M15_OOS.csv,0.1,1.3,13.0,-48.1,0.0,-48.1,1.3,1.3,4514.900000000002
1398,AUDUSD,SELL,2025-11-24 01:15:00+00:00,2025-11-24 23:45:00+00:00,0.64649,0.64641,0.3,0.3,5.9.126,DEMO,OOS,0.0,0.1,0.1,DEMO_ACCOUNT,0.1,C:\Users\Leon\Desktop\QUANT\Data_Center\Data\2_Baseline\Trades\Backtest\DEMO_ACCOUNT\OOS\listOfTrades_AUDUSD_6_5.9.126_SELL_M15_OOS.csv,0.1,1.3,13.0,3.9,0.0,3.9,1.3,1.3,4518.800000000002
1400,AUDUSD,SELL,2025-11-25 11:45:00+00:00,2025-11-25 15:16:20+00:00,0.64611,0.64693,-8.7,-8.7,5.9.126,DEMO,OOS,0.0,0.1,0.1,DEMO_ACCOUNT,0.1,C:\Users\Leon\Desktop\QUANT\Data_Center\Data\2_Baseline\Trades\Backtest\DEMO_ACCOUNT\OOS\listOfTrades_AUDUSD_6_5.9.126_SELL_M15_OOS.csv,0.1,1.3,13.0,-113.1,0.0,-113.1,1.3,1.3,4405.700000000002
1402,AUDUSD,SELL,2025-11-26 02:30:00+00:00,2025-11-26 23:45:00+00:00,0.64743,0.6518,-44.2,-44.2,5.9.126,DEMO,OOS,0.0,0.1,0.1,DEMO_ACCOUNT,0.1,C:\Users\Leon\Desktop\QUANT\Data_Center\Data\2_Baseline\Trades\Backtest\DEMO_ACCOUNT\OOS\listOfTrades_AUDUSD_6_5.9.126_SELL_M15_OOS.csv,0.1,1.3,13.0,-574.6,0.0,-574.6,1.3,1.3,3831.1000000000017
1404,AUDUSD,SELL,2025-11-27 01:45:00+00:00,2025-11-27 23:45:00+00:00,0.65255,0.65333,-8.3,-8.3,5.9.126,DEMO,OOS,0.0,0.1,0.1,DEMO_ACCOUNT,0.1,C:\Users\Leon\Desktop\QUANT\Data_Center\Data\2_Baseline\Trades\Backtest\DEMO_ACCOUNT\OOS\listOfTrades_AUDUSD_6_5.9.126_SELL_M15_OOS.csv,0.1,1.3,13.0,-107.9,0.0,-107.9,1.3,1.3,3723.2000000000016
1406,AUDUSD,SELL,2025-11-28 01:15:00+00:00,2025-11-28 09:50:40+00:00,0.65346,0.65231,11.0,11.0,5.9.126,DEMO,OOS,0.0,0.1,0.1,DEMO_ACCOUNT,0.1,C:\Users\Leon\Desktop\QUANT\Data_Center\Data\2_Baseline\Trades\Backtest\DEMO_ACCOUNT\OOS\listOfTrades_AUDUSD_6_5.9.126_SELL_M15_OOS.csv,0.1,1.3,13.0,143.0,0.0,143.0,1.3,1.3,3866.2000000000016
1408,AUDUSD,SELL,2025-12-01 09:45:00+00:00,2025-12-01 23:45:00+00:00,0.65518,0.65422,9.1,9.1,5.9.126,DEMO,OOS,0.0,0.1,0.1,DEMO_ACCOUNT,0.1,C:\Users\Leon\Desktop\QUANT\Data_Center\Data\2_Baseline\Trades\Backtest\DEMO_ACCOUNT\OOS\listOfTrades_AUDUSD_6_5.9.126_SELL_M15_OOS.csv,0.1,1.3,13.0,118.3,0.0,118.3,1.3,1.3,3984.500000000002
1410,AUDUSD,SELL,2025-12-02 04:00:00+00:00,2025-12-02 16:00:40+00:00,0.65451,0.65637,-19.1,-19.1,5.9.126,DEMO,OOS,0.0,0.1,0.1,DEMO_ACCOUNT,0.1,C:\Users\Leon\Desktop\QUANT\Data_Center\Data\2_Baseline\Trades\Backtest\DEMO_ACCOUNT\OOS\listOfTrades_AUDUSD_6_5.9.126_SELL_M15_OOS.csv,0.1,1.3,13.0,-248.3,0.0,-248.3,1.3,1.3,3736.2000000000016
1412,AUDUSD,SELL,2025-12-03 01:45:00+00:00,2025-12-03 02:34:40+00:00,0.65726,0.65533,18.8,18.8,5.9.126,DEMO,OOS,0.0,0.1,0.1,DEMO_ACCOUNT,0.1,C:\Users\Leon\Desktop\QUANT\Data_Center\Data\2_Baseline\Trades\Backtest\DEMO_ACCOUNT\OOS\listOfTrades_AUDUSD_6_5.9.126_SELL_M15_OOS.csv,0.1,1.3,13.0,244.4,0.0,244.4,1.3,1.3,3980.6000000000017
1414,AUDUSD,SELL,2025-12-04 02:00:00+00:00,2025-12-04 23:45:00+00:00,0.66039,0.66096,-6.2,-6.2,5.9.126,DEMO,OOS,0.0,0.1,0.1,DEMO_ACCOUNT,0.1,C:\Users\Leon\Desktop\QUANT\Data_Center\Data\2_Baseline\Trades\Backtest\DEMO_ACCOUNT\OOS\listOfTrades_AUDUSD_6_5.9.126_SELL_M15_OOS.csv,0.1,1.3,13.0,-80.60000000000001,0.0,-80.60000000000001,1.3,1.3,3900.000000000002
1416,AUDUSD,SELL,2025-12-05 08:45:00+00:00,2025-12-05 15:18:40+00:00,0.66247,0.66413,-17.1,-17.1,5.9.126,DEMO,OOS,0.0,0.1,0.1,DEMO_ACCOUNT,0.1,C:\Users\Leon\Desktop\QUANT\Data_Center\Data\2_Baseline\Trades\Backtest\DEMO_ACCOUNT\OOS\listOfTrades_AUDUSD_6_5.9.126_SELL_M15_OOS.csv,0.1,1.3,13.0,-222.3,0.0,-222.3,1.3,1.3,3677.7000000000016
1418,AUDUSD,SELL,2025-12-08 05:00:00+00:00,2025-12-08 17:05:40+00:00,0.6648,0.66244,23.1,23.1,5.9.126,DEMO,OOS,0.0,0.1,0.1,DEMO_ACCOUNT,0.1,C:\Users\Leon\Desktop\QUANT\Data_Center\Data\2_Baseline\Trades\Backtest\DEMO_ACCOUNT\OOS\listOfTrades_AUDUSD_6_5.9.126_SELL_M15_OOS.csv,0.1,1.3,13.0,300.3,0.0,300.3,1.3,1.3,3978.000000000002
1420,AUDUSD,SELL,2025-12-09 02:00:00+00:00,2025-12-09 06:17:40+00:00,0.66267,0.66336,-7.4,-7.4,5.9.126,DEMO,OOS,0.0,0.1,0.1,DEMO_ACCOUNT,0.1,C:\Users\Leon\Desktop\QUANT\Data_Center\Data\2_Baseline\Trades\Backtest\DEMO_ACCOUNT\OOS\listOfTrades_AUDUSD_6_5.9.126_SELL_M15_OOS.csv,0.1,1.3,13.0,-96.2,0.0,-96.2,1.3,1.3,3881.800000000002
1422,AUDUSD,SELL,2025-12-10 03:00:00+00:00,2025-12-10 09:06:40+00:00,0.66425,0.66491,-7.1,-7.1,5.9.126,DEMO,OOS,0.0,0.1,0.1,DEMO_ACCOUNT,0.1,C:\Users\Leon\Desktop\QUANT\Data_Center\Data\2_Baseline\Trades\Backtest\DEMO_ACCOUNT\OOS\listOfTrades_AUDUSD_6_5.9.126_SELL_M15_OOS.csv,0.1,1.3,13.0,-92.3,0.0,-92.3,1.3,1.3,3789.500000000002
1424,AUDUSD,SELL,2025-12-11 12:00:00+00:00,2025-12-11 16:27:40+00:00,0.66516,0.66722,-21.1,-21.1,5.9.126,DEMO,OOS,0.0,0.1,0.1,DEMO_ACCOUNT,0.1,C:\Users\Leon\Desktop\QUANT\Data_Center\Data\2_Baseline\Trades\Backtest\DEMO_ACCOUNT\OOS\listOfTrades_AUDUSD_6_5.9.126_SELL_M15_OOS.csv,0.1,1.3,13.0,-274.3,0.0,-274.3,1.3,1.3,3515.2000000000016
1426,AUDUSD,SELL,2025-12-12 03:30:00+00:00,2025-12-12 17:24:40+00:00,0.66729,0.66496,22.8,22.8,5.9.126,DEMO,OOS,0.0,0.1,0.1,DEMO_ACCOUNT,0.1,C:\Users\Leon\Desktop\QUANT\Data_Center\Data\2_Baseline\Trades\Backtest\DEMO_ACCOUNT\OOS\listOfTrades_AUDUSD_6_5.9.126_SELL_M15_OOS.csv,0.1,1.3,13.0,296.40000000000003,0.0,296.40000000000003,1.3,1.3,3811.6000000000017
1428,AUDUSD,SELL,2025-12-15 10:45:00+00:00,2025-12-15 23:45:00+00:00,0.66529,0.66385,13.9,13.9,5.9.126,DEMO,OOS,0.0,0.1,0.1,DEMO_ACCOUNT,0.1,C:\Users\Leon\Desktop\QUANT\Data_Center\Data\2_Baseline\Trades\Backtest\DEMO_ACCOUNT\OOS\listOfTrades_AUDUSD_6_5.9.126_SELL_M15_OOS.csv,0.1,1.3,13.0,180.70000000000002,0.0,180.70000000000002,1.3,1.3,3992.3000000000015
1430,AUDUSD,SELL,2025-12-16 01:15:00+00:00,2025-12-16 03:48:40+00:00,0.66469,0.66215,24.9,24.9,5.9.126,DEMO,OOS,0.0,0.1,0.1,DEMO_ACCOUNT,0.1,C:\Users\Leon\Desktop\QUANT\Data_Center\Data\2_Baseline\Trades\Backtest\DEMO_ACCOUNT\OOS\listOfTrades_AUDUSD_6_5.9.126_SELL_M15_OOS.csv,0.1,1.3,13.0,323.7,0.0,323.7,1.3,1.3,4316.000000000002
1432,AUDUSD,SELL,2025-12-17 15:00:00+00:00,2025-12-17 20:54:40+00:00,0.66239,0.65996,23.8,23.8,5.9.126,DEMO,OOS,0.0,0.1,0.1,DEMO_ACCOUNT,0.1,C:\Users\Leon\Desktop\QUANT\Data_Center\Data\2_Baseline\Trades\Backtest\DEMO_ACCOUNT\OOS\listOfTrades_AUDUSD_6_5.9.126_SELL_M15_OOS.csv,0.1,1.3,13.0,309.40000000000003,0.0,309.40000000000003,1.3,1.3,4625.4000000000015
1434,AUDUSD,SELL,2025-12-18 09:45:00+00:00,2025-12-18 15:30:40+00:00,0.66118,0.66259,-14.6,-14.6,5.9.126,DEMO,OOS,0.0,0.1,0.1,DEMO_ACCOUNT,0.1,C:\Users\Leon\Desktop\QUANT\Data_Center\Data\2_Baseline\Trades\Backtest\DEMO_ACCOUNT\OOS\listOfTrades_AUDUSD_6_5.9.126_SELL_M15_OOS.csv,0.1,1.3,13.0,-189.79999999999998,0.0,-189.79999999999998,1.3,1.3,4435.600000000001
1436,AUDUSD,SELL,2025-12-23 02:15:00+00:00,2025-12-23 09:21:40+00:00,0.66623,0.6676,-14.2,-14.2,5.9.126,DEMO,OOS,0.0,0.1,0.1,DEMO_ACCOUNT,0.1,C:\Users\Leon\Desktop\QUANT\Data_Center\Data\2_Baseline\Trades\Backtest\DEMO_ACCOUNT\OOS\listOfTrades_AUDUSD_6_5.9.126_SELL_M15_OOS.csv,0.1,1.3,13.0,-184.6,0.0,-184.6,1.3,1.3,4251.000000000001
1438,AUDUSD,SELL,2025-12-24 03:45:00+00:00,2025-12-24 23:45:00+00:00,0.67073,0.6707,-0.2,-0.2,5.9.126,DEMO,OOS,0.0,0.1,0.1,DEMO_ACCOUNT,0.1,C:\Users\Leon\Desktop\QUANT\Data_Center\Data\2_Baseline\Trades\Backtest\DEMO_ACCOUNT\OOS\listOfTrades_AUDUSD_6_5.9.126_SELL_M15_OOS.csv,0.1,1.3,13.0,-2.6,0.0,-2.6,1.3,1.3,4248.400000000001
1440,AUDUSD,SELL,2025-12-26 02:15:00+00:00,2025-12-26 15:30:20+00:00,0.67087,0.67141,-5.9,-5.9,5.9.126,DEMO,OOS,0.0,0.1,0.1,DEMO_ACCOUNT,0.1,C:\Users\Leon\Desktop\QUANT\Data_Center\Data\2_Baseline\Trades\Backtest\DEMO_ACCOUNT\OOS\listOfTrades_AUDUSD_6_5.9.126_SELL_M15_OOS.csv,0.1,1.3,13.0,-76.7,0.0,-76.7,1.3,1.3,4171.700000000001
1442,AUDUSD,SELL,2025-12-30 03:45:00+00:00,2025-12-30 08:48:40+00:00,0.6702,0.67159,-14.4,-14.4,5.9.126,DEMO,OOS,0.0,0.1,0.1,DEMO_ACCOUNT,0.1,C:\Users\Leon\Desktop\QUANT\Data_Center\Data\2_Baseline\Trades\Backtest\DEMO_ACCOUNT\OOS\listOfTrades_AUDUSD_6_5.9.126_SELL_M15_OOS.csv,0.1,1.3,13.0,-187.20000000000002,0.0,-187.20000000000002,1.3,1.3,3984.500000000001
1444,AUDUSD,SELL,2026-01-02 01:45:00+00:00,2026-01-02 05:02:40+00:00,0.6679,0.66969,-18.4,-18.4,5.9.126,DEMO,OOS,0.0,0.1,0.1,DEMO_ACCOUNT,0.1,C:\Users\Leon\Desktop\QUANT\Data_Center\Data\2_Baseline\Trades\Backtest\DEMO_ACCOUNT\OOS\listOfTrades_AUDUSD_6_5.9.126_SELL_M15_OOS.csv,0.1,1.3,13.0,-239.2,0.0,-239.2,1.3,1.3,3745.300000000001
1446,AUDUSD,SELL,2026-01-09 15:45:00+00:00,2026-01-09 17:07:40+00:00,0.67026,0.66684,33.7,33.7,5.9.126,DEMO,OOS,0.0,0.1,0.1,DEMO_ACCOUNT,0.1,C:\Users\Leon\Desktop\QUANT\Data_Center\Data\2_Baseline\Trades\Backtest\DEMO_ACCOUNT\OOS\listOfTrades_AUDUSD_6_5.9.126_SELL_M15_OOS.csv,0.1,1.3,13.0,438.1,0.0,438.1,1.3,1.3,4183.4000000000015
1448,AUDUSD,SELL,2026-01-12 02:15:00+00:00,2026-01-12 15:07:40+00:00,0.66951,0.67134,-18.8,-18.8,5.9.126,DEMO,OOS,0.0,0.1,0.1,DEMO_ACCOUNT,0.1,C:\Users\Leon\Desktop\QUANT\Data_Center\Data\2_Baseline\Trades\Backtest\DEMO_ACCOUNT\OOS\listOfTrades_AUDUSD_6_5.9.126_SELL_M15_OOS.csv,0.1,1.3,13.0,-244.4,0.0,-244.4,1.3,1.3,3939.0000000000014
1450,AUDUSD,SELL,2026-01-21 09:00:00+00:00,2026-01-21 14:34:40+00:00,0.675,0.67637,-14.2,-14.2,5.9.126,DEMO,OOS,0.0,0.1,0.1,DEMO_ACCOUNT,0.1,C:\Users\Leon\Desktop\QUANT\Data_Center\Data\2_Baseline\Trades\Backtest\DEMO_ACCOUNT\OOS\listOfTrades_AUDUSD_6_5.9.126_SELL_M15_OOS.csv,0.1,1.3,13.0,-184.6,0.0,-184.6,1.3,1.3,3754.4000000000015
1452,AUDUSD,SELL,2026-01-22 02:45:00+00:00,2026-01-22 23:45:00+00:00,0.67849,0.68431,-58.7,-58.7,5.9.126,DEMO,OOS,0.0,0.1,0.1,DEMO_ACCOUNT,0.1,C:\Users\Leon\Desktop\QUANT\Data_Center\Data\2_Baseline\Trades\Backtest\DEMO_ACCOUNT\OOS\listOfTrades_AUDUSD_6_5.9.126_SELL_M15_OOS.csv,0.1,1.3,13.0,-763.1,0.0,-763.1,1.3,1.3,2991.3000000000015
1454,AUDUSD,SELL,2026-01-23 02:45:00+00:00,2026-01-23 14:12:40+00:00,0.68433,0.68558,-13.0,-13.0,5.9.126,DEMO,OOS,0.0,0.1,0.1,DEMO_ACCOUNT,0.1,C:\Users\Leon\Desktop\QUANT\Data_Center\Data\2_Baseline\Trades\Backtest\DEMO_ACCOUNT\OOS\listOfTrades_AUDUSD_6_5.9.126_SELL_M15_OOS.csv,0.1,1.3,13.0,-169.0,0.0,-169.0,1.3,1.3,2822.3000000000015
1456,AUDUSD,SELL,2026-01-26 00:15:00+00:00,2026-01-26 16:41:40+00:00,0.69176,0.69337,-16.6,-16.6,5.9.126,DEMO,OOS,0.0,0.1,0.1,DEMO_ACCOUNT,0.1,C:\Users\Leon\Desktop\QUANT\Data_Center\Data\2_Baseline\Trades\Backtest\DEMO_ACCOUNT\OOS\listOfTrades_AUDUSD_6_5.9.126_SELL_M15_OOS.csv,0.1,1.3,13.0,-215.8,0.0,-215.8,1.3,1.3,2606.5000000000014
1458,AUDUSD,SELL,2026-01-27 04:30:00+00:00,2026-01-27 11:57:40+00:00,0.69234,0.69276,-4.7,-4.7,5.9.126,DEMO,OOS,0.0,0.1,0.1,DEMO_ACCOUNT,0.1,C:\Users\Leon\Desktop\QUANT\Data_Center\Data\2_Baseline\Trades\Backtest\DEMO_ACCOUNT\OOS\listOfTrades_AUDUSD_6_5.9.126_SELL_M15_OOS.csv,0.1,1.3,13.0,-61.1,0.0,-61.1,1.3,1.3,2545.4000000000015
1460,AUDUSD,SELL,2026-01-28 09:15:00+00:00,2026-01-28 21:57:40+00:00,0.70164,0.70113,4.6,4.6,5.9.126,DEMO,OOS,0.0,0.1,0.1,DEMO_ACCOUNT,0.1,C:\Users\Leon\Desktop\QUANT\Data_Center\Data\2_Baseline\Trades\Backtest\DEMO_ACCOUNT\OOS\listOfTrades_AUDUSD_6_5.9.126_SELL_M15_OOS.csv,0.1,1.3,13.0,59.8,0.0,59.8,1.3,1.3,2605.2000000000016
1462,AUDUSD,SELL,2026-01-29 05:15:00+00:00,2026-01-29 15:25:40+00:00,0.70647,0.70682,-4.0,-4.0,5.9.126,DEMO,OOS,0.0,0.1,0.1,DEMO_ACCOUNT,0.1,C:\Users\Leon\Desktop\QUANT\Data_Center\Data\2_Baseline\Trades\Backtest\DEMO_ACCOUNT\OOS\listOfTrades_AUDUSD_6_5.9.126_SELL_M15_OOS.csv,0.1,1.3,13.0,-52.0,0.0,-52.0,1.3,1.3,2553.2000000000016
1464,AUDUSD,SELL,2026-01-30 14:00:00+00:00,2026-01-30 20:12:40+00:00,0.70224,0.69568,65.1,65.1,5.9.126,DEMO,OOS,0.0,0.1,0.1,DEMO_ACCOUNT,0.1,C:\Users\Leon\Desktop\QUANT\Data_Center\Data\2_Baseline\Trades\Backtest\DEMO_ACCOUNT\OOS\listOfTrades_AUDUSD_6_5.9.126_SELL_M15_OOS.csv,0.1,1.3,13.0,846.3,0.0,846.3,1.3,1.3,3399.500000000002
1466,AUDUSD,SELL,2026-02-02 12:00:00+00:00,2026-02-02 23:45:00+00:00,0.6964,0.69514,12.1,12.1,5.9.126,DEMO,OOS,0.0,0.1,0.1,DEMO_ACCOUNT,0.1,C:\Users\Leon\Desktop\QUANT\Data_Center\Data\2_Baseline\Trades\Backtest\DEMO_ACCOUNT\OOS\listOfTrades_AUDUSD_6_5.9.126_SELL_M15_OOS.csv,0.1,1.3,13.0,157.29999999999998,0.0,157.29999999999998,1.3,1.3,3556.800000000002
1468,AUDUSD,SELL,2026-02-03 02:00:00+00:00,2026-02-03 23:45:00+00:00,0.69573,0.70219,-65.1,-65.1,5.9.126,DEMO,OOS,0.0,0.1,0.1,DEMO_ACCOUNT,0.1,C:\Users\Leon\Desktop\QUANT\Data_Center\Data\2_Baseline\Trades\Backtest\DEMO_ACCOUNT\OOS\listOfTrades_AUDUSD_6_5.9.126_SELL_M15_OOS.csv,0.1,1.3,13.0,-846.3,0.0,-846.3,1.3,1.3,2710.500000000002
1470,AUDUSD,SELL,2026-02-04 03:30:00+00:00,2026-02-04 18:21:40+00:00,0.70317,0.69866,44.6,44.6,5.9.126,DEMO,OOS,0.0,0.1,0.1,DEMO_ACCOUNT,0.1,C:\Users\Leon\Desktop\QUANT\Data_Center\Data\2_Baseline\Trades\Backtest\DEMO_ACCOUNT\OOS\listOfTrades_AUDUSD_6_5.9.126_SELL_M15_OOS.csv,0.1,1.3,13.0,579.8000000000001,0.0,579.8000000000001,1.3,1.3,3290.300000000002
1472,AUDUSD,SELL,2026-02-05 10:15:00+00:00,2026-02-05 17:36:40+00:00,0.69883,0.69409,46.9,46.9,5.9.126,DEMO,OOS,0.0,0.1,0.1,DEMO_ACCOUNT,0.1,C:\Users\Leon\Desktop\QUANT\Data_Center\Data\2_Baseline\Trades\Backtest\DEMO_ACCOUNT\OOS\listOfTrades_AUDUSD_6_5.9.126_SELL_M15_OOS.csv,0.1,1.3,13.0,609.6999999999999,0.0,609.6999999999999,1.3,1.3,3900.000000000002
1474,AUDUSD,SELL,2026-02-06 11:45:00+00:00,2026-02-06 16:34:20+00:00,0.69734,0.7006,-33.1,-33.1,5.9.126,DEMO,OOS,0.0,0.1,0.1,DEMO_ACCOUNT,0.1,C:\Users\Leon\Desktop\QUANT\Data_Center\Data\2_Baseline\Trades\Backtest\DEMO_ACCOUNT\OOS\listOfTrades_AUDUSD_6_5.9.126_SELL_M15_OOS.csv,0.1,1.3,13.0,-430.3,0.0,-430.3,1.3,1.3,3469.7000000000016
1476,AUDUSD,SELL,2026-02-09 01:15:00+00:00,2026-02-09 14:54:40+00:00,0.70256,0.70489,-23.8,-23.8,5.9.126,DEMO,OOS,0.0,0.1,0.1,DEMO_ACCOUNT,0.1,C:\Users\Leon\Desktop\QUANT\Data_Center\Data\2_Baseline\Trades\Backtest\DEMO_ACCOUNT\OOS\listOfTrades_AUDUSD_6_5.9.126_SELL_M15_OOS.csv,0.1,1.3,13.0,-309.40000000000003,0.0,-309.40000000000003,1.3,1.3,3160.3000000000015
1478,AUDUSD,SELL,2026-02-10 11:30:00+00:00,2026-02-10 23:45:00+00:00,0.70803,0.70736,6.2,6.2,5.9.126,DEMO,OOS,0.0,0.1,0.1,DEMO_ACCOUNT,0.1,C:\Users\Leon\Desktop\QUANT\Data_Center\Data\2_Baseline\Trades\Backtest\DEMO_ACCOUNT\OOS\listOfTrades_AUDUSD_6_5.9.126_SELL_M15_OOS.csv,0.1,1.3,13.0,80.60000000000001,0.0,80.60000000000001,1.3,1.3,3240.9000000000015
1480,AUDUSD,SELL,2026-02-11 03:00:00+00:00,2026-02-11 23:45:00+00:00,0.70816,0.71254,-44.3,-44.3,5.9.126,DEMO,OOS,0.0,0.1,0.1,DEMO_ACCOUNT,0.1,C:\Users\Leon\Desktop\QUANT\Data_Center\Data\2_Baseline\Trades\Backtest\DEMO_ACCOUNT\OOS\listOfTrades_AUDUSD_6_5.9.126_SELL_M15_OOS.csv,0.1,1.3,13.0,-575.9,0.0,-575.9,1.3,1.3,2665.0000000000014
1482,AUDUSD,SELL,2026-02-12 03:00:00+00:00,2026-02-12 15:53:40+00:00,0.71356,0.71414,-6.3,-6.3,5.9.126,DEMO,OOS,0.0,0.1,0.1,DEMO_ACCOUNT,0.1,C:\Users\Leon\Desktop\QUANT\Data_Center\Data\2_Baseline\Trades\Backtest\DEMO_ACCOUNT\OOS\listOfTrades_AUDUSD_6_5.9.126_SELL_M15_OOS.csv,0.1,1.3,13.0,-81.89999999999999,0.0,-81.89999999999999,1.3,1.3,2583.1000000000013
1484,AUDUSD,SELL,2026-02-16 03:30:00+00:00,2026-02-16 23:45:00+00:00,0.70851,0.70718,12.8,12.8,5.9.126,DEMO,OOS,0.0,0.1,0.1,DEMO_ACCOUNT,0.1,C:\Users\Leon\Desktop\QUANT\Data_Center\Data\2_Baseline\Trades\Backtest\DEMO_ACCOUNT\OOS\listOfTrades_AUDUSD_6_5.9.126_SELL_M15_OOS.csv,0.1,1.3,13.0,166.4,0.0,166.4,1.3,1.3,2749.5000000000014
1486,AUDUSD,SELL,2026-02-17 20:30:00+00:00,2026-02-17 23:45:00+00:00,0.70779,0.70863,-8.9,-8.9,5.9.126,DEMO,OOS,0.0,0.1,0.1,DEMO_ACCOUNT,0.1,C:\Users\Leon\Desktop\QUANT\Data_Center\Data\2_Baseline\Trades\Backtest\DEMO_ACCOUNT\OOS\listOfTrades_AUDUSD_6_5.9.126_SELL_M15_OOS.csv,0.1,1.3,13.0,-115.7,0.0,-115.7,1.3,1.3,2633.8000000000015
1488,AUDUSD,SELL,2026-02-18 10:30:00+00:00,2026-02-18 20:45:00+00:00,0.70739,0.70489,24.5,24.5,5.9.126,DEMO,OOS,0.0,0.1,0.1,DEMO_ACCOUNT,0.1,C:\Users\Leon\Desktop\QUANT\Data_Center\Data\2_Baseline\Trades\Backtest\DEMO_ACCOUNT\OOS\listOfTrades_AUDUSD_6_5.9.126_SELL_M15_OOS.csv,0.1,1.3,13.0,318.5,0.0,318.5,1.3,1.3,2952.3000000000015
1490,AUDUSD,SELL,2026-02-19 03:00:00+00:00,2026-02-19 09:35:40+00:00,0.70472,0.70712,-24.5,-24.5,5.9.126,DEMO,OOS,0.0,0.1,0.1,DEMO_ACCOUNT,0.1,C:\Users\Leon\Desktop\QUANT\Data_Center\Data\2_Baseline\Trades\Backtest\DEMO_ACCOUNT\OOS\listOfTrades_AUDUSD_6_5.9.126_SELL_M15_OOS.csv,0.1,1.3,13.0,-318.5,0.0,-318.5,1.3,1.3,2633.8000000000015
1492,AUDUSD,SELL,2026-02-20 09:15:00+00:00,2026-02-20 17:01:40+00:00,0.70539,0.7068,-14.6,-14.6,5.9.126,DEMO,OOS,0.0,0.1,0.1,DEMO_ACCOUNT,0.1,C:\Users\Leon\Desktop\QUANT\Data_Center\Data\2_Baseline\Trades\Backtest\DEMO_ACCOUNT\OOS\listOfTrades_AUDUSD_6_5.9.126_SELL_M15_OOS.csv,0.1,1.3,13.0,-189.79999999999998,0.0,-189.79999999999998,1.3,1.3,2444.0000000000014
1494,AUDUSD,SELL,2026-02-23 01:30:00+00:00,2026-02-23 23:45:00+00:00,0.70927,0.70577,34.5,34.5,5.9.126,DEMO,OOS,0.0,0.1,0.1,DEMO_ACCOUNT,0.1,C:\Users\Leon\Desktop\QUANT\Data_Center\Data\2_Baseline\Trades\Backtest\DEMO_ACCOUNT\OOS\listOfTrades_AUDUSD_6_5.9.126_SELL_M15_OOS.csv,0.1,1.3,13.0,448.5,0.0,448.5,1.3,1.3,2892.5000000000014
1496,AUDUSD,SELL,2026-02-24 02:15:00+00:00,2026-02-24 15:34:40+00:00,0.70646,0.7037,27.1,27.1,5.9.126,DEMO,OOS,0.0,0.1,0.1,DEMO_ACCOUNT,0.1,C:\Users\Leon\Desktop\QUANT\Data_Center\Data\2_Baseline\Trades\Backtest\DEMO_ACCOUNT\OOS\listOfTrades_AUDUSD_6_5.9.126_SELL_M15_OOS.csv,0.1,1.3,13.0,352.3,0.0,352.3,1.3,1.3,3244.8000000000015
1498,AUDUSD,SELL,2026-03-02 21:15:00+00:00,2026-03-02 23:45:00+00:00,0.7096,0.70896,5.9,5.9,5.9.126,DEMO,OOS,0.0,0.1,0.1,DEMO_ACCOUNT,0.1,C:\Users\Leon\Desktop\QUANT\Data_Center\Data\2_Baseline\Trades\Backtest\DEMO_ACCOUNT\OOS\listOfTrades_AUDUSD_6_5.9.126_SELL_M15_OOS.csv,0.1,1.3,13.0,76.7,0.0,76.7,1.3,1.3,3321.5000000000014
1500,AUDUSD,SELL,2026-03-03 03:30:00+00:00,2026-03-03 10:34:40+00:00,0.71158,0.7066,49.3,49.3,5.9.126,DEMO,OOS,0.0,0.1,0.1,DEMO_ACCOUNT,0.1,C:\Users\Leon\Desktop\QUANT\Data_Center\Data\2_Baseline\Trades\Backtest\DEMO_ACCOUNT\OOS\listOfTrades_AUDUSD_6_5.9.126_SELL_M15_OOS.csv,0.1,1.3,13.0,640.9,0.0,640.9,1.3,1.3,3962.4000000000015
1502,AUDUSD,SELL,2026-03-04 08:45:00+00:00,2026-03-04 23:45:00+00:00,0.70204,0.70772,-57.3,-57.3,5.9.126,DEMO,OOS,0.0,0.1,0.1,DEMO_ACCOUNT,0.1,C:\Users\Leon\Desktop\QUANT\Data_Center\Data\2_Baseline\Trades\Backtest\DEMO_ACCOUNT\OOS\listOfTrades_AUDUSD_6_5.9.126_SELL_M15_OOS.csv,0.1,1.3,13.0,-744.9,0.0,-744.9,1.3,1.3,3217.5000000000014
1504,AUDUSD,SELL,2026-03-05 02:30:00+00:00,2026-03-05 06:03:40+00:00,0.70841,0.70482,35.4,35.4,5.9.126,DEMO,OOS,0.0,0.1,0.1,DEMO_ACCOUNT,0.1,C:\Users\Leon\Desktop\QUANT\Data_Center\Data\2_Baseline\Trades\Backtest\DEMO_ACCOUNT\OOS\listOfTrades_AUDUSD_6_5.9.126_SELL_M15_OOS.csv,0.1,1.3,13.0,460.2,0.0,460.2,1.3,1.3,3677.700000000001
